Sample	aligned_libsize	Subfamily:Family:Class	copies	fpkm	uniq_counts	tot_counts	tot_reads	score
Orang_JingJing_Zeb2_neg_R1	7578199	AluSx:Alu:SINE	281507	40857.9697159	82896	84164.01	85017	99.00
Orang_JingJing_Zeb2_neg_R1	7578199	AluJb:Alu:SINE	111580	16506.2757474	34380	34728.93	34975	99.30
Orang_JingJing_Zeb2_neg_R1	7578199	MIRb:MIR:SINE	196368	14209.8975247	26604	26749.17	26834	99.68
Orang_JingJing_Zeb2_neg_R1	7578199	AluY:Alu:SINE	113204	15818.2526434	26476	27430.23	27704	99.01
Orang_JingJing_Zeb2_neg_R1	7578199	AluSq:Alu:SINE	81382	12289.8643895	23644	24030.25	24321	98.80
Orang_JingJing_Zeb2_neg_R1	7578199	AluJo:Alu:SINE	121690	12289.9887015	23262	23540.93	23725	99.22
Orang_JingJing_Zeb2_neg_R1	7578199	AluSg:Alu:SINE	68468	10507.1459631	19837	20394.82	20698	98.54
Orang_JingJing_Zeb2_neg_R1	7578199	MIR:MIR:SINE	170477	12457.2749988	18027	18144.52	18242	99.47
Orang_JingJing_Zeb2_neg_R1	7578199	AluSp:Alu:SINE	43984	7987.64681095	15673	15963.38	16161	98.78
Orang_JingJing_Zeb2_neg_R1	7578199	AluSc:Alu:SINE	43869	5983.67697806	11371	11567.04	11740	98.53
Orang_JingJing_Zeb2_neg_R1	7578199	L2a:L2:LINE	144260	6620.31772456	9729	9879.15	9941	99.38
Orang_JingJing_Zeb2_neg_R1	7578199	L2c:L2:LINE	121343	6011.40669265	8857	9090.65	9133	99.54
Orang_JingJing_Zeb2_neg_R1	7578199	L2b:L2:LINE	82520	6011.33710481	8661	8767.84	8805	99.58
Orang_JingJing_Zeb2_neg_R1	7578199	MIRc:MIR:SINE	87420	6457.70177568	8535	8671.45	8756	99.03
Orang_JingJing_Zeb2_neg_R1	7578199	FLAM_C:Alu:SINE	31107	4934.81468249	7413	7448.76	7469	99.73
Orang_JingJing_Zeb2_neg_R1	7578199	MLT1A1:MaLR:LTR	5915	2009.9260897	7074	7454.00	7507	99.29
Orang_JingJing_Zeb2_neg_R1	7578199	MIRm:MIR:SINE	24890	3289.92547399	5664	5692.12	5778	98.51
Orang_JingJing_Zeb2_neg_R1	7578199	AluSg/x:Alu:SINE	32560	3542.53280545	5580	5672.03	5728	99.02
Orang_JingJing_Zeb2_neg_R1	7578199	L1M5:L1:LINE	56458	2701.98356301	5530	5576.52	5597	99.63
Orang_JingJing_Zeb2_neg_R1	7578199	MIR3:MIR:SINE	59611	4002.95578329	4535	4585.12	4599	99.70
Orang_JingJing_Zeb2_neg_R1	7578199	FRAM:Alu:SINE	19413	2678.68694615	4474	4493.94	4502	99.82
Orang_JingJing_Zeb2_neg_R1	7578199	L3:CR1:LINE	40370	2683.50951932	3872	3875.00	3878	99.92
Orang_JingJing_Zeb2_neg_R1	7578199	L2:L2:LINE	51848	2543.68311912	3369	3409.43	3423	99.60
Orang_JingJing_Zeb2_neg_R1	7578199	FLAM_A:Alu:SINE	15574	2121.59566578	3115	3130.25	3143	99.59
Orang_JingJing_Zeb2_neg_R1	7578199	L1ME4a:L1:LINE	36386	2185.27412476	3042	3141.38	3147	99.82
Orang_JingJing_Zeb2_neg_R1	7578199	L1ME3B:L1:LINE	23835	1221.51876746	2901	2922.12	2941	99.36
Orang_JingJing_Zeb2_neg_R1	7578199	MLT1D:MaLR:LTR	17959	1176.22962674	2804	2871.09	2906	98.80
Orang_JingJing_Zeb2_neg_R1	7578199	L1MC4a:L1:LINE	24144	1340.43222972	2484	2506.62	2518	99.55
Orang_JingJing_Zeb2_neg_R1	7578199	MLT1J:MaLR:LTR	13432	1265.10008812	2281	2358.04	2368	99.58
Orang_JingJing_Zeb2_neg_R1	7578199	L4:RTE:LINE	14700	1852.34226253	2251	2253.00	2255	99.91
Orang_JingJing_Zeb2_neg_R1	7578199	MLT1C:MaLR:LTR	17357	1077.86087685	2206	2248.19	2380	94.46
Orang_JingJing_Zeb2_neg_R1	7578199	HAL1-3A_ME:L1:LINE	1370	936.039209917	2205	2205.00	2205	100.00
Orang_JingJing_Zeb2_neg_R1	7578199	MER5A:MER1_type:DNA	30263	1527.02331171	2196	2228.86	2237	99.64
Orang_JingJing_Zeb2_neg_R1	7578199	AluSg1:Alu:SINE	5531	1087.56847557	2055	2107.24	2138	98.56
Orang_JingJing_Zeb2_neg_R1	7578199	HAL1:L1:LINE	23193	1002.75214015	1958	2001.50	2006	99.78
Orang_JingJing_Zeb2_neg_R1	7578199	L1ME1:L1:LINE	26786	943.927693668	1906	1926.29	1945	99.04
Orang_JingJing_Zeb2_neg_R1	7578199	L1MC5:L1:LINE	17558	1029.86326645	1893	1899.86	1901	99.94
Orang_JingJing_Zeb2_neg_R1	7578199	L1MC4:L1:LINE	25130	1038.53045084	1669	1698.93	1706	99.59
Orang_JingJing_Zeb2_neg_R1	7578199	MER5B:MER1_type:DNA	21303	997.362098467	1587	1588.00	1587	100.06
Orang_JingJing_Zeb2_neg_R1	7578199	L1MB7:L1:LINE	19631	854.041698843	1524	1553.50	1561	99.52
Orang_JingJing_Zeb2_neg_R1	7578199	MER20:MER1_type:DNA	14365	972.665937875	1485	1500.01	1508	99.47
Orang_JingJing_Zeb2_neg_R1	7578199	MLT1K:MaLR:LTR	16229	774.208707835	1423	1440.80	1444	99.78
Orang_JingJing_Zeb2_neg_R1	7578199	MLT1A0:MaLR:LTR	18077	697.336030604	1378	1381.83	1400	98.70
Orang_JingJing_Zeb2_neg_R1	7578199	L1MCa:L1:LINE	7067	474.163871949	1052	1059.00	1070	98.97
Orang_JingJing_Zeb2_neg_R1	7578199	MLT1B:MaLR:LTR	15775	539.828625551	1047	1057.08	1058	99.91
Orang_JingJing_Zeb2_neg_R1	7578199	Tigger1:MER2_type:DNA	11069	548.134768296	1047	1058.75	1061	99.79
Orang_JingJing_Zeb2_neg_R1	7578199	L1MB8:L1:LINE	14030	623.709756376	1040	1047.75	1065	98.38
Orang_JingJing_Zeb2_neg_R1	7578199	LTR3B_:ERVK:LTR	236	353.366634993	1023	1023.00	1023	100.00
Orang_JingJing_Zeb2_neg_R1	7578199	L1MB3:L1:LINE	14597	387.114000993	1015	1018.00	1025	99.32
Orang_JingJing_Zeb2_neg_R1	7578199	FAM:Alu:SINE	4787	756.440614227	1006	1014.00	1014	100.00
Orang_JingJing_Zeb2_neg_R1	7578199	THE1C:MaLR:LTR	8887	421.256207449	990	999.50	1011	98.86
Orang_JingJing_Zeb2_neg_R1	7578199	MER4D1:ERV1:LTR	1262	239.379374923	984	997.00	997	100.00
Orang_JingJing_Zeb2_neg_R1	7578199	L1PREC2:L1:LINE	7458	330.331054265	964	970.00	974	99.59
Orang_JingJing_Zeb2_neg_R1	7578199	MER41A:ERV1:LTR	2289	243.867339273	963	968.60	973	99.55
Orang_JingJing_Zeb2_neg_R1	7578199	THE1B:MaLR:LTR	20021	594.154078882	959	990.12	1000	99.01
Orang_JingJing_Zeb2_neg_R1	7578199	AluSq/x:Alu:SINE	9122	584.031534588	955	968.69	984	98.44
Orang_JingJing_Zeb2_neg_R1	7578199	L1MEd:L1:LINE	9089	335.970552166	897	897.50	898	99.94
Orang_JingJing_Zeb2_neg_R1	7578199	MER3:MER1_type:DNA	9186	513.071533704	879	879.00	879	100.00
Orang_JingJing_Zeb2_neg_R1	7578199	L1ME3A:L1:LINE	16030	469.13401455	862	868.75	878	98.95
Orang_JingJing_Zeb2_neg_R1	7578199	L1MEe:L1:LINE	10409	350.096198116	862	862.00	862	100.00
Orang_JingJing_Zeb2_neg_R1	7578199	LTR5_Hs:ERVK:LTR	425	205.348891856	845	921.94	926	99.56
Orang_JingJing_Zeb2_neg_R1	7578199	L1MB5:L1:LINE	7903	469.869819096	821	821.00	821	100.00
Orang_JingJing_Zeb2_neg_R1	7578199	LTR48B:ERV1:LTR	911	277.865638205	807	807.00	807	100.00
Orang_JingJing_Zeb2_neg_R1	7578199	MER34B-int:ERV1:LTR	566	280.816449095	805	805.00	805	100.00
Orang_JingJing_Zeb2_neg_R1	7578199	MER33:MER1_type:DNA	8121	589.400870607	797	807.50	809	99.81
Orang_JingJing_Zeb2_neg_R1	7578199	MST-int:MaLR:LTR	325	172.963335986	797	801.76	805	99.60
Orang_JingJing_Zeb2_neg_R1	7578199	MSTA:MaLR:LTR	16852	470.472884773	792	810.12	827	97.96
Orang_JingJing_Zeb2_neg_R1	7578199	HSMAR1:Mariner:DNA	699	220.43480258	759	778.00	778	100.00
Orang_JingJing_Zeb2_neg_R1	7578199	SVA_A:Other:Other	2025	432.000445894	758	1034.56	1033	100.15
Orang_JingJing_Zeb2_neg_R1	7578199	MER117:MER1_type:DNA	3989	537.201001711	727	727.00	727	100.00
Orang_JingJing_Zeb2_neg_R1	7578199	L1ME2:L1:LINE	11121	406.57616513	713	716.63	723	99.12
Orang_JingJing_Zeb2_neg_R1	7578199	L1M4:L1:LINE	17042	476.451349382	703	703.79	706	99.69
Orang_JingJing_Zeb2_neg_R1	7578199	MER103:DNA:DNA	6021	448.715400787	699	699.00	699	100.00
Orang_JingJing_Zeb2_neg_R1	7578199	L1PA5:L1:LINE	10261	285.802219302	693	743.76	794	93.67
Orang_JingJing_Zeb2_neg_R1	7578199	MLT1L:MaLR:LTR	10487	556.75211867	693	708.00	712	99.44
Orang_JingJing_Zeb2_neg_R1	7578199	L1MEg:L1:LINE	15830	446.707546314	656	674.11	687	98.12
Orang_JingJing_Zeb2_neg_R1	7578199	MER58A:MER1_type:DNA	11932	600.572831182	647	651.00	655	99.39
Orang_JingJing_Zeb2_neg_R1	7578199	L1MEf:L1:LINE	12375	299.787149418	645	670.99	678	98.97
Orang_JingJing_Zeb2_neg_R1	7578199	L1PA7:L1:LINE	11577	318.709945461	606	649.17	659	98.51
Orang_JingJing_Zeb2_neg_R1	7578199	MER2:MER2_type:DNA	8075	414.315896273	594	594.00	594	100.00
Orang_JingJing_Zeb2_neg_R1	7578199	MER58B:MER1_type:DNA	5830	471.252966214	593	593.00	593	100.00
Orang_JingJing_Zeb2_neg_R1	7578199	LOR1a:ERV1:LTR	677	315.937771276	589	680.80	791	86.07
Orang_JingJing_Zeb2_neg_R1	7578199	MER21C:ERV1:LTR	4126	222.511543092	586	612.81	611	100.30
Orang_JingJing_Zeb2_neg_R1	7578199	L1PA3:L1:LINE	24673	520.527587076	565	902.50	956	94.40
Orang_JingJing_Zeb2_neg_R1	7578199	THE1D:MaLR:LTR	11399	343.424309351	556	573.67	576	99.60
Orang_JingJing_Zeb2_neg_R1	7578199	L1MD:L1:LINE	8171	309.481106684	554	556.00	556	100.00
Orang_JingJing_Zeb2_neg_R1	7578199	L1MEc:L1:LINE	16570	319.36174765	554	557.00	560	99.46
Orang_JingJing_Zeb2_neg_R1	7578199	L1MD2:L1:LINE	9617	312.48699845	551	556.50	562	99.02
Orang_JingJing_Zeb2_neg_R1	7578199	MLT1J2:MaLR:LTR	6216	396.115364551	547	583.95	598	97.65
Orang_JingJing_Zeb2_neg_R1	7578199	MLT1H:MaLR:LTR	9016	354.988790318	542	580.91	624	93.10
Orang_JingJing_Zeb2_neg_R1	7578199	MLT1E2:MaLR:LTR	3504	300.676023893	521	522.61	525	99.55
Orang_JingJing_Zeb2_neg_R1	7578199	MLT1A:MaLR:LTR	7937	395.793587511	518	540.86	552	97.98
Orang_JingJing_Zeb2_neg_R1	7578199	Charlie8:MER1_type:DNA	2508	300.202214568	515	539.90	540	99.98
Orang_JingJing_Zeb2_neg_R1	7578199	MSTB:MaLR:LTR	7642	246.466216514	507	514.50	518	99.32
Orang_JingJing_Zeb2_neg_R1	7578199	MER113:MER1_type:DNA	3441	264.295982364	503	544.57	570	95.54
Orang_JingJing_Zeb2_neg_R1	7578199	MER1A:MER1_type:DNA	2801	189.209322681	503	558.21	572	97.59
Orang_JingJing_Zeb2_neg_R1	7578199	HAL1b:L1:LINE	4030	344.631023599	502	502.00	502	100.00
Orang_JingJing_Zeb2_neg_R1	7578199	Charlie1:MER1_type:DNA	2204	124.892632033	499	503.50	508	99.11
Orang_JingJing_Zeb2_neg_R1	7578199	MER1B:MER1_type:DNA	4700	204.623784936	497	502.00	506	99.21
Orang_JingJing_Zeb2_neg_R1	7578199	MER9:ERVK:LTR	986	161.503785338	494	494.00	498	99.20
Orang_JingJing_Zeb2_neg_R1	7578199	LTR40b:ERVL:LTR	1115	164.898234464	478	495.12	503	98.43
Orang_JingJing_Zeb2_neg_R1	7578199	MER5A1:MER1_type:DNA	13847	349.695238513	478	499.15	504	99.04
Orang_JingJing_Zeb2_neg_R1	7578199	MER102a:MER1_type:DNA	2903	243.929543943	477	477.00	477	100.00
Orang_JingJing_Zeb2_neg_R1	7578199	Tigger10:Tigger:DNA	929	142.74776256	461	461.50	462	99.89
Orang_JingJing_Zeb2_neg_R1	7578199	AluYg6:Alu:SINE	164	105.992270498	460	461.50	461	100.11
Orang_JingJing_Zeb2_neg_R1	7578199	MER67B:ERV1:LTR	435	114.547324337	459	492.80	519	94.95
Orang_JingJing_Zeb2_neg_R1	7578199	MLT1F1:MaLR:LTR	2818	198.034017912	457	460.00	479	96.03
Orang_JingJing_Zeb2_neg_R1	7578199	MER102c:MER1_type:DNA	2580	262.554275669	455	455.00	455	100.00
Orang_JingJing_Zeb2_neg_R1	7578199	MARNA:Mariner:DNA	2913	299.691076109	446	446.00	446	100.00
Orang_JingJing_Zeb2_neg_R1	7578199	L1PB1:L1:LINE	11362	440.002554351	445	465.83	481	96.85
Orang_JingJing_Zeb2_neg_R1	7578199	L1MC1:L1:LINE	11484	247.424588328	444	448.00	448	100.00
Orang_JingJing_Zeb2_neg_R1	7578199	L1MA7:L1:LINE	7340	265.8988338	441	457.40	466	98.15
Orang_JingJing_Zeb2_neg_R1	7578199	L1MA9:L1:LINE	14487	230.696096642	440	440.00	440	100.00
Orang_JingJing_Zeb2_neg_R1	7578199	L1MA3:L1:LINE	7959	156.951735804	438	448.26	450	99.61
Orang_JingJing_Zeb2_neg_R1	7578199	L1MA8:L1:LINE	9445	215.756791882	436	448.00	448	100.00
Orang_JingJing_Zeb2_neg_R1	7578199	L1PA4:L1:LINE	10764	269.877786396	430	531.80	563	94.46
Orang_JingJing_Zeb2_neg_R1	7578199	MLT-int:MaLR:LTR	2832	139.026566819	429	436.98	449	97.32
Orang_JingJing_Zeb2_neg_R1	7578199	L1MD3:L1:LINE	4494	259.290212825	418	418.07	427	97.91
Orang_JingJing_Zeb2_neg_R1	7578199	LTR5B:ERVK:LTR	411	83.431175905	418	418.23	421	99.34
Orang_JingJing_Zeb2_neg_R1	7578199	MER102b:MER1_type:DNA	3661	228.773869133	414	415.13	425	97.68
Orang_JingJing_Zeb2_neg_R1	7578199	LTR53:ERVL:LTR	613	216.349551751	410	410.00	410	100.00
Orang_JingJing_Zeb2_neg_R1	7578199	MER46C:MER2_type:DNA	2455	277.317854073	398	419.58	422	99.43
Orang_JingJing_Zeb2_neg_R1	7578199	L1PA6:L1:LINE	5586	191.504476117	397	423.24	464	91.22
Orang_JingJing_Zeb2_neg_R1	7578199	L1MB4:L1:LINE	7712	258.553896448	396	404.00	404	100.00
Orang_JingJing_Zeb2_neg_R1	7578199	MER4E1:ERV1:LTR	862	138.583915005	393	405.05	415	97.60
Orang_JingJing_Zeb2_neg_R1	7578199	MSTB1:MaLR:LTR	4320	218.441270418	392	427.31	422	101.26
Orang_JingJing_Zeb2_neg_R1	7578199	Tigger3b:MER2_type:DNA	5743	219.922710199	390	390.10	412	94.68
Orang_JingJing_Zeb2_neg_R1	7578199	L1MB1:L1:LINE	5347	119.999342825	384	387.99	390	99.48
Orang_JingJing_Zeb2_neg_R1	7578199	MSTD:MaLR:LTR	6735	264.779649227	379	413.86	430	96.25
Orang_JingJing_Zeb2_neg_R1	7578199	LTR33:ERVL:LTR	8000	252.708500923	375	375.00	375	100.00
Orang_JingJing_Zeb2_neg_R1	7578199	L1M4b:L1:LINE	5572	170.079317533	374	379.10	390	97.20
Orang_JingJing_Zeb2_neg_R1	7578199	Charlie1b:MER1_type:DNA	2106	180.148383896	370	372.53	376	99.08
Orang_JingJing_Zeb2_neg_R1	7578199	L1M4c:L1:LINE	5563	215.227928155	365	382.00	382	100.00
Orang_JingJing_Zeb2_neg_R1	7578199	MLT1H1:MaLR:LTR	3095	215.323979967	364	364.00	364	100.00
Orang_JingJing_Zeb2_neg_R1	7578199	MER110A:ERV1:LTR	568	203.233287955	360	360.00	360	100.00
Orang_JingJing_Zeb2_neg_R1	7578199	L1MC:L1:LINE	11455	290.27669258	358	361.77	362	99.94
Orang_JingJing_Zeb2_neg_R1	7578199	MER61-int:ERV1:LTR	1071	47.0344762753	358	423.56	458	92.48
Orang_JingJing_Zeb2_neg_R1	7578199	L1MA6:L1:LINE	4734	138.106593495	353	358.59	361	99.33
Orang_JingJing_Zeb2_neg_R1	7578199	L1MC3:L1:LINE	11474	236.522032688	352	358.00	358	100.00
Orang_JingJing_Zeb2_neg_R1	7578199	L1ME2z:L1:LINE	6487	209.312745257	350	363.00	366	99.18
Orang_JingJing_Zeb2_neg_R1	7578199	AluYb9:Alu:SINE	132	206.072084188	349	352.00	352	100.00
Orang_JingJing_Zeb2_neg_R1	7578199	MLT1I:MaLR:LTR	9635	267.726568565	349	363.00	363	100.00
Orang_JingJing_Zeb2_neg_R1	7578199	L1PA15:L1:LINE	7206	208.974753752	348	348.00	348	100.00
Orang_JingJing_Zeb2_neg_R1	7578199	L1PA13:L1:LINE	8038	244.435719865	346	348.50	351	99.29
Orang_JingJing_Zeb2_neg_R1	7578199	MER4B-int:ERV1:LTR	1337	123.633921766	341	341.00	341	100.00
Orang_JingJing_Zeb2_neg_R1	7578199	MSTC:MaLR:LTR	2768	114.035221935	340	343.50	351	97.86
Orang_JingJing_Zeb2_neg_R1	7578199	MER104:Tc2:DNA	1940	182.52569139	333	335.86	343	97.92
Orang_JingJing_Zeb2_neg_R1	7578199	MER44A:MER2_type:DNA	2147	135.212930306	331	334.50	338	98.96
Orang_JingJing_Zeb2_neg_R1	7578199	ERVL-E-int:ERVL:LTR	9815	251.913238446	329	351.00	351	100.00
Orang_JingJing_Zeb2_neg_R1	7578199	MER51A:ERV1:LTR	881	206.384108023	320	322.00	324	99.38
Orang_JingJing_Zeb2_neg_R1	7578199	Charlie1a:MER1_type:DNA	4730	206.975830677	312	325.99	334	97.60
Orang_JingJing_Zeb2_neg_R1	7578199	LTR3:ERVK:LTR	75	76.3032909676	312	367.23	386	95.14
Orang_JingJing_Zeb2_neg_R1	7578199	MER68:ERVL:LTR	1690	123.835651211	310	310.00	310	100.00
Orang_JingJing_Zeb2_neg_R1	7578199	L1MB2:L1:LINE	7369	205.383739198	307	320.50	333	96.25
Orang_JingJing_Zeb2_neg_R1	7578199	MER11C:ERVK:LTR	744	172.446757989	306	362.28	364	99.53
Orang_JingJing_Zeb2_neg_R1	7578199	L1M3:L1:LINE	6532	180.025402019	302	311.88	312	99.96
Orang_JingJing_Zeb2_neg_R1	7578199	LTR85b:Gypsy?:LTR	1006	109.989326309	302	302.00	302	100.00
Orang_JingJing_Zeb2_neg_R1	7578199	MER76:ERVL:LTR	627	172.484843126	298	298.00	298	100.00
Orang_JingJing_Zeb2_neg_R1	7578199	L1MDa:L1:LINE	6413	150.058407079	296	297.00	303	98.02
Orang_JingJing_Zeb2_neg_R1	7578199	L1MA4:L1:LINE	8653	169.172004861	294	294.00	294	100.00
Orang_JingJing_Zeb2_neg_R1	7578199	MER20B:MER1_type:DNA	3448	146.096957174	291	291.00	291	100.00
Orang_JingJing_Zeb2_neg_R1	7578199	Tigger14a:MER2_type:DNA	1104	274.159945503	291	291.00	291	100.00
Orang_JingJing_Zeb2_neg_R1	7578199	L3b:CR1:LINE	6473	255.162567364	289	290.70	291	99.90
Orang_JingJing_Zeb2_neg_R1	7578199	LTR13A:ERVK:LTR	172	101.990275759	286	289.96	290	99.99
Orang_JingJing_Zeb2_neg_R1	7578199	LTR41:ERVL:LTR	1415	73.4327770179	285	289.84	296	97.92
Orang_JingJing_Zeb2_neg_R1	7578199	MER21A:ERV1:LTR	1654	115.577098928	285	285.00	285	100.00
Orang_JingJing_Zeb2_neg_R1	7578199	MLT1F2:MaLR:LTR	5213	196.061200344	285	285.00	285	100.00
Orang_JingJing_Zeb2_neg_R1	7578199	MER112:MER1_type:DNA	3808	215.496375719	283	283.00	283	100.00
Orang_JingJing_Zeb2_neg_R1	7578199	MER30:MER1_type:DNA	3552	202.028761292	283	285.50	288	99.13
Orang_JingJing_Zeb2_neg_R1	7578199	L1PA16:L1:LINE	12116	211.94179007	281	287.00	287	100.00
Orang_JingJing_Zeb2_neg_R1	7578199	MER49:ERV1:LTR	1129	109.590746216	281	293.48	313	93.76
Orang_JingJing_Zeb2_neg_R1	7578199	Charlie4z:MER1_type:DNA	5204	196.427628283	277	277.00	277	100.00
Orang_JingJing_Zeb2_neg_R1	7578199	L1M1:L1:LINE	9780	174.515886008	277	339.50	342	99.27
Orang_JingJing_Zeb2_neg_R1	7578199	LTR13:ERVK:LTR	425	97.6890802199	269	279.10	293	95.26
Orang_JingJing_Zeb2_neg_R1	7578199	L1M2:L1:LINE	8986	157.095786695	268	268.00	268	100.00
Orang_JingJing_Zeb2_neg_R1	7578199	AluJ:Alu:SINE	2302	130.949800101	267	274.50	279	98.39
Orang_JingJing_Zeb2_neg_R1	7578199	MER21B:ERV1:LTR	3337	120.444270334	267	267.00	267	100.00
Orang_JingJing_Zeb2_neg_R1	7578199	MamSINE1:tRNA:SINE	1445	198.957242878	266	266.00	266	100.00
Orang_JingJing_Zeb2_neg_R1	7578199	Charlie4a:MER1_type:DNA	2923	223.029162408	265	270.50	285	94.91
Orang_JingJing_Zeb2_neg_R1	7578199	Alu:Alu:SINE	12630	276.564116449	263	278.44	362	76.92
Orang_JingJing_Zeb2_neg_R1	7578199	Tigger4b:MER2_type:DNA	2026	188.368088539	263	263.00	263	100.00
Orang_JingJing_Zeb2_neg_R1	7578199	MER4-int:ERV1:LTR	2501	157.575468314	260	295.50	307	96.25
Orang_JingJing_Zeb2_neg_R1	7578199	HSMAR2:Mariner:DNA	1662	102.932571718	259	260.31	263	98.98
Orang_JingJing_Zeb2_neg_R1	7578199	MamRep1161:TcMar:DNA	1417	199.445075135	258	258.00	258	100.00
Orang_JingJing_Zeb2_neg_R1	7578199	MLT1N2:MaLR:LTR	5355	192.285620904	257	265.00	266	99.62
Orang_JingJing_Zeb2_neg_R1	7578199	MLT2B3:ERVL:LTR	2795	104.414368137	257	257.00	257	100.00
Orang_JingJing_Zeb2_neg_R1	7578199	MLT1G1:MaLR:LTR	3149	160.219832551	256	256.18	259	98.91
Orang_JingJing_Zeb2_neg_R1	7578199	Charlie22a:MER1_type:DNA	911	105.341884502	250	250.00	250	100.00
Orang_JingJing_Zeb2_neg_R1	7578199	LTR12C:ERV1:LTR	2559	172.899162766	249	256.88	273	94.10
Orang_JingJing_Zeb2_neg_R1	7578199	L1P1:L1:LINE	12720	250.119819904	244	395.74	450	87.94
Orang_JingJing_Zeb2_neg_R1	7578199	MLT1F:MaLR:LTR	3826	154.298997052	243	245.06	249	98.42
Orang_JingJing_Zeb2_neg_R1	7578199	LTR8:ERV1:LTR	3127	129.167194668	241	245.69	256	95.97
Orang_JingJing_Zeb2_neg_R1	7578199	AluJo/FLAM:Alu:SINE	2015	145.677610401	240	248.53	258	96.33
Orang_JingJing_Zeb2_neg_R1	7578199	SVA_D:Other:Other	476	103.583278029	239	254.11	260	97.74
Orang_JingJing_Zeb2_neg_R1	7578199	MER52C:ERV1:LTR	342	63.7248006039	238	238.00	238	100.00
Orang_JingJing_Zeb2_neg_R1	7578199	L1M7:L1:LINE	3670	136.320110451	235	235.00	235	100.00
Orang_JingJing_Zeb2_neg_R1	7578199	LTR16C:ERVL:LTR	6262	121.07663984	235	235.22	239	98.42
Orang_JingJing_Zeb2_neg_R1	7578199	LTR21A:ERV1:LTR	75	87.6839405073	234	234.00	234	100.00
Orang_JingJing_Zeb2_neg_R1	7578199	MER31A:ERV1:LTR	1202	117.987454808	234	234.00	234	100.00
Orang_JingJing_Zeb2_neg_R1	7578199	Tigger3c:MER2_type:DNA	1541	70.3761063875	234	234.00	234	100.00
Orang_JingJing_Zeb2_neg_R1	7578199	Harlequin-int:ERV1:LTR	546	59.0321964551	232	242.92	243	99.97
Orang_JingJing_Zeb2_neg_R1	7578199	MamRep434:TcMar:DNA	1912	142.521070838	226	226.00	226	100.00
Orang_JingJing_Zeb2_neg_R1	7578199	L1ME5:L1:LINE	3065	136.887722991	223	223.49	240	93.12
Orang_JingJing_Zeb2_neg_R1	7578199	LTR2C:ERV1:LTR	264	100.74269661	222	244.00	244	100.00
Orang_JingJing_Zeb2_neg_R1	7578199	Tigger3a:MER2_type:DNA	4735	188.945088467	218	218.00	218	100.00
Orang_JingJing_Zeb2_neg_R1	7578199	Tigger2a:MER2_type:DNA	2920	156.237029011	217	217.50	218	99.77
Orang_JingJing_Zeb2_neg_R1	7578199	L1PA17:L1:LINE	4276	144.309055595	216	217.00	217	100.00
Orang_JingJing_Zeb2_neg_R1	7578199	MLT1M:MaLR:LTR	2507	130.582754253	216	225.09	228	98.72
Orang_JingJing_Zeb2_neg_R1	7578199	LTR7:ERV1:LTR	1489	102.104879035	215	218.00	218	100.00
Orang_JingJing_Zeb2_neg_R1	7578199	Tigger4a:MER2_type:DNA	3033	151.601389498	213	213.00	213	100.00
Orang_JingJing_Zeb2_neg_R1	7578199	MER72:ERV1:LTR	676	53.8814539638	212	212.00	212	100.00
Orang_JingJing_Zeb2_neg_R1	7578199	AluSp/q:Alu:SINE	4018	145.624307689	209	211.00	216	97.69
Orang_JingJing_Zeb2_neg_R1	7578199	HERV16-int:ERVL:LTR	3923	98.5048540795	207	212.00	217	97.70
Orang_JingJing_Zeb2_neg_R1	7578199	LTR57:ERVL:LTR	216	88.2792179676	206	206.00	206	100.00
Orang_JingJing_Zeb2_neg_R1	7578199	MER47A:MER2_type:DNA	2293	111.96020758	206	206.00	206	100.00
Orang_JingJing_Zeb2_neg_R1	7578199	MLT2C1:ERVL:LTR	2284	113.649461625	206	206.00	206	100.00
Orang_JingJing_Zeb2_neg_R1	7578199	L1ME3:L1:LINE	6242	175.724138144	205	213.00	213	100.00
Orang_JingJing_Zeb2_neg_R1	7578199	MER77:ERVL:LTR	2124	56.1574379592	205	205.00	205	100.00
Orang_JingJing_Zeb2_neg_R1	7578199	MLT1H-int:MaLR:LTR	720	165.517527491	205	223.67	232	96.41
Orang_JingJing_Zeb2_neg_R1	7578199	L1MA2:L1:LINE	6455	128.335957985	203	203.00	203	100.00
Orang_JingJing_Zeb2_neg_R1	7578199	LTR1:ERV1:LTR	1272	54.055329146	203	214.00	218	98.17
Orang_JingJing_Zeb2_neg_R1	7578199	Charlie9:MER1_type:DNA	860	42.8945712998	202	209.34	218	96.03
Orang_JingJing_Zeb2_neg_R1	7578199	Tigger13a:MER2_type:DNA	2640	139.33649576	202	202.00	202	100.00
Orang_JingJing_Zeb2_neg_R1	7578199	AluS:Alu:SINE	3956	193.095215922	200	214.02	216	99.08
Orang_JingJing_Zeb2_neg_R1	7578199	MER57C1:ERV1:LTR	171	232.892848749	197	198.00	199	99.50
Orang_JingJing_Zeb2_neg_R1	7578199	Tigger12:MER2_type:DNA	628	76.8362196408	196	196.00	196	100.00
Orang_JingJing_Zeb2_neg_R1	7578199	MER39:ERV1:LTR	2818	61.3563319673	195	195.00	195	100.00
Orang_JingJing_Zeb2_neg_R1	7578199	L1MC2:L1:LINE	5301	101.723327959	194	204.00	204	100.00
Orang_JingJing_Zeb2_neg_R1	7578199	MER4A:ERV1:LTR	975	95.8528650907	194	194.00	238	81.51
Orang_JingJing_Zeb2_neg_R1	7578199	L1MD1:L1:LINE	5870	101.773540748	193	195.00	195	100.00
Orang_JingJing_Zeb2_neg_R1	7578199	Tigger5:MER2_type:DNA	2633	154.047285406	193	193.00	193	100.00
Orang_JingJing_Zeb2_neg_R1	7578199	MLT1H2:MaLR:LTR	4149	132.027964903	192	198.50	202	98.27
Orang_JingJing_Zeb2_neg_R1	7578199	MER63B:AcHobo:DNA	2119	160.815255474	191	191.00	191	100.00
Orang_JingJing_Zeb2_neg_R1	7578199	L1PB4:L1:LINE	6630	160.702824273	190	201.80	206	97.96
Orang_JingJing_Zeb2_neg_R1	7578199	MER61C:ERV1:LTR	281	62.8455878324	190	194.73	195	99.86
Orang_JingJing_Zeb2_neg_R1	7578199	MER41B:ERV1:LTR	2517	68.6702094723	189	192.00	192	100.00
Orang_JingJing_Zeb2_neg_R1	7578199	MER57A-int:ERV1:LTR	1699	74.7381337912	186	186.00	186	100.00
Orang_JingJing_Zeb2_neg_R1	7578199	LTR16A:ERVL:LTR	6311	130.199726517	185	191.00	200	95.50
Orang_JingJing_Zeb2_neg_R1	7578199	Charlie16a:MER1_type:DNA	1676	185.878784735	183	183.00	183	100.00
Orang_JingJing_Zeb2_neg_R1	7578199	LTR52:ERVL:LTR	961	34.2854220606	183	183.00	183	100.00
Orang_JingJing_Zeb2_neg_R1	7578199	L1PA10:L1:LINE	6527	99.4483263197	180	181.00	182	99.45
Orang_JingJing_Zeb2_neg_R1	7578199	LTR2B:ERV1:LTR	289	63.4241062085	180	182.40	184	99.13
Orang_JingJing_Zeb2_neg_R1	7578199	MLT1J1:MaLR:LTR	4346	101.579104374	180	180.00	180	100.00
Orang_JingJing_Zeb2_neg_R1	7578199	THE1A:MaLR:LTR	3752	133.589143228	179	180.00	180	100.00
Orang_JingJing_Zeb2_neg_R1	7578199	CR1_Mam:CR1:LINE	1499	125.924383639	178	178.00	178	100.00
Orang_JingJing_Zeb2_neg_R1	7578199	MER113A:MER1_type:DNA	1765	120.576925342	178	185.14	192	96.43
Orang_JingJing_Zeb2_neg_R1	7578199	LTR41B:ERVL:LTR	843	72.9883363906	176	191.00	191	100.00
Orang_JingJing_Zeb2_neg_R1	7578199	MER91B:Tip100:DNA	1351	151.028850634	169	169.00	169	100.00
Orang_JingJing_Zeb2_neg_R1	7578199	MER66A:ERV1:LTR	312	40.0030337727	168	168.00	168	100.00
Orang_JingJing_Zeb2_neg_R1	7578199	L1M6:L1:LINE	5919	147.789917704	165	165.00	165	100.00
Orang_JingJing_Zeb2_neg_R1	7578199	LTR49-int:ERV1:LTR	1877	81.2577410449	164	164.00	164	100.00
Orang_JingJing_Zeb2_neg_R1	7578199	LTR50:ERVL:LTR	2323	139.470367849	164	164.00	164	100.00
Orang_JingJing_Zeb2_neg_R1	7578199	MER58C:MER1_type:DNA	2182	120.129353231	163	165.50	168	98.51
Orang_JingJing_Zeb2_neg_R1	7578199	Tigger4:MER2_type:DNA	1473	111.396897531	163	169.00	169	100.00
Orang_JingJing_Zeb2_neg_R1	7578199	LTR12F:ERV1:LTR	503	61.5995756925	162	162.00	162	100.00
Orang_JingJing_Zeb2_neg_R1	7578199	MER81:AcHobo:DNA	3238	137.262582792	161	161.00	161	100.00
Orang_JingJing_Zeb2_neg_R1	7578199	MER82:MER2_type:DNA	2821	78.0489100054	158	168.00	168	100.00
Orang_JingJing_Zeb2_neg_R1	7578199	MER91A:Tip100:DNA	3206	149.406442587	157	157.00	157	100.00
Orang_JingJing_Zeb2_neg_R1	7578199	Charlie18a:MER1_type:DNA	2150	122.419204578	156	156.00	156	100.00
Orang_JingJing_Zeb2_neg_R1	7578199	L1PA8:L1:LINE	6886	103.643040513	156	172.00	173	99.42
Orang_JingJing_Zeb2_neg_R1	7578199	MER57-int:ERV1:LTR	1074	70.234063368	155	155.00	155	100.00
Orang_JingJing_Zeb2_neg_R1	7578199	LTR8A:ERV1:LTR	2539	124.614271006	153	159.50	162	98.46
Orang_JingJing_Zeb2_neg_R1	7578199	Tigger15a:TcMar:DNA	4386	118.324203804	153	154.53	159	97.19
Orang_JingJing_Zeb2_neg_R1	7578199	Kanga1:Tc2:DNA	1029	55.5493943308	151	151.00	151	100.00
Orang_JingJing_Zeb2_neg_R1	7578199	L1MA5:L1:LINE	3884	123.884368535	151	151.00	151	100.00
Orang_JingJing_Zeb2_neg_R1	7578199	LTR37B:ERV1:LTR	1693	53.6001180388	146	146.00	146	100.00
Orang_JingJing_Zeb2_neg_R1	7578199	Charlie15a:MER1_type:DNA	2988	174.074020842	145	145.00	145	100.00
Orang_JingJing_Zeb2_neg_R1	7578199	HERVK9-int:ERVK:LTR	643	50.1743914791	145	151.94	156	97.40
Orang_JingJing_Zeb2_neg_R1	7578199	Tigger2:MER2_type:DNA	3067	73.5120644666	145	145.00	145	100.00
Orang_JingJing_Zeb2_neg_R1	7578199	L1MA1:L1:LINE	3822	71.9582800119	142	142.00	142	100.00
Orang_JingJing_Zeb2_neg_R1	7578199	Tigger3d:MER2_type:DNA	400	33.388375278	142	147.77	150	98.51
Orang_JingJing_Zeb2_neg_R1	7578199	LTR1D:ERV1:LTR	871	108.126421379	140	145.72	155	94.01
Orang_JingJing_Zeb2_neg_R1	7578199	MLT1E1A:MaLR:LTR	2980	117.574077197	140	142.00	142	100.00
Orang_JingJing_Zeb2_neg_R1	7578199	LTR1B:ERV1:LTR	1042	100.22589819	139	139.16	140	99.40
Orang_JingJing_Zeb2_neg_R1	7578199	MER4C:ERV1:LTR	1100	63.7159685194	138	139.00	139	100.00
Orang_JingJing_Zeb2_neg_R1	7578199	LTR33A_:ERVL:LTR	1418	47.9251514118	135	135.00	135	100.00
Orang_JingJing_Zeb2_neg_R1	7578199	MLT1G:MaLR:LTR	2451	64.222521666	134	144.98	145	99.99
Orang_JingJing_Zeb2_neg_R1	7578199	LTR2:ERV1:LTR	780	72.8691334944	132	132.00	132	100.00
Orang_JingJing_Zeb2_neg_R1	7578199	LTR78:ERV1:LTR	4260	82.3879920325	132	134.50	137	98.18
Orang_JingJing_Zeb2_neg_R1	7578199	Charlie2b:MER1_type:DNA	2553	85.5263498365	126	126.00	126	100.00
Orang_JingJing_Zeb2_neg_R1	7578199	MER63D:AcHobo:DNA	1294	66.0602274851	126	126.00	126	100.00
Orang_JingJing_Zeb2_neg_R1	7578199	MLT1G3:MaLR:LTR	2402	81.1690220855	126	126.00	126	100.00
Orang_JingJing_Zeb2_neg_R1	7578199	MER34A1:ERV1:LTR	672	40.9747862525	125	125.00	125	100.00
Orang_JingJing_Zeb2_neg_R1	7578199	Charlie17a:MER1_type:DNA	1294	48.7285360445	124	124.00	124	100.00
Orang_JingJing_Zeb2_neg_R1	7578199	Charlie2a:MER1_type:DNA	2359	85.6466375624	124	125.50	127	98.82
Orang_JingJing_Zeb2_neg_R1	7578199	HERVH-int:ERV1:LTR	3112	116.951716802	123	166.00	166	100.00
Orang_JingJing_Zeb2_neg_R1	7578199	L1MCc:L1:LINE	3029	46.5343634388	118	118.00	118	100.00
Orang_JingJing_Zeb2_neg_R1	7578199	MER41E:ERV1:LTR	338	48.3311219611	118	119.00	119	100.00
Orang_JingJing_Zeb2_neg_R1	7578199	LTR33B:ERVL:LTR	2358	94.9722720048	117	145.78	154	94.66
Orang_JingJing_Zeb2_neg_R1	7578199	Charlie19a:Charlie:DNA	1440	111.45502934	116	123.90	137	90.44
Orang_JingJing_Zeb2_neg_R1	7578199	L1MA5A:L1:LINE	2911	59.7426189431	115	115.00	115	100.00
Orang_JingJing_Zeb2_neg_R1	7578199	MER11B:ERVK:LTR	522	48.6475801659	115	125.72	133	94.53
Orang_JingJing_Zeb2_neg_R1	7578199	MER41-int:ERV1:LTR	1563	42.7016909812	114	114.00	114	100.00
Orang_JingJing_Zeb2_neg_R1	7578199	MLT2F:ERVL:LTR	1738	25.8040281628	114	120.50	135	89.26
Orang_JingJing_Zeb2_neg_R1	7578199	THE1D-int:MaLR:LTR	1344	37.4122285079	113	113.00	113	100.00
Orang_JingJing_Zeb2_neg_R1	7578199	Charlie7:MER1_type:DNA	3305	50.6042054948	112	112.00	112	100.00
Orang_JingJing_Zeb2_neg_R1	7578199	LTR82A:ERVL:LTR	1002	28.9906640574	112	112.00	112	100.00
Orang_JingJing_Zeb2_neg_R1	7578199	LTR40a:ERVL:LTR	1898	70.7206812222	111	112.00	113	99.12
Orang_JingJing_Zeb2_neg_R1	7578199	Charlie21a:MER1_type:DNA	638	69.2675218435	110	110.00	110	100.00
Orang_JingJing_Zeb2_neg_R1	7578199	LTR35:ERV1:LTR	257	52.7181613146	109	109.00	109	100.00
Orang_JingJing_Zeb2_neg_R1	7578199	LTR7Y:ERV1:LTR	320	48.4397328933	109	109.00	109	100.00
Orang_JingJing_Zeb2_neg_R1	7578199	MADE2:Mariner:DNA	2300	134.261095488	108	108.00	114	94.74
Orang_JingJing_Zeb2_neg_R1	7578199	MER6A:MER2_type:DNA	901	52.6895919531	107	109.50	112	97.77
Orang_JingJing_Zeb2_neg_R1	7578199	MLT2B4:ERVL:LTR	3944	114.126457698	107	114.00	114	100.00
Orang_JingJing_Zeb2_neg_R1	7578199	LTR16B1:ERVL:LTR	1657	70.9308081197	104	104.00	104	100.00
Orang_JingJing_Zeb2_neg_R1	7578199	MLT2A2:ERVL:LTR	3492	69.1163542375	104	104.00	104	100.00
Orang_JingJing_Zeb2_neg_R1	7578199	MER11A:ERVK:LTR	879	52.3542561945	103	108.00	108	100.00
Orang_JingJing_Zeb2_neg_R1	7578199	AluJo/FRAM:Alu:SINE	1243	72.3820142374	102	102.50	103	99.51
Orang_JingJing_Zeb2_neg_R1	7578199	LTR16A1:ERVL:LTR	3628	53.445770418	102	103.00	103	100.00
Orang_JingJing_Zeb2_neg_R1	7578199	MER34:ERV1:LTR	1210	64.9941816842	102	104.84	120	87.36
Orang_JingJing_Zeb2_neg_R1	7578199	MLT2A1:ERVL:LTR	3169	61.2623973361	101	101.00	101	100.00
Orang_JingJing_Zeb2_neg_R1	7578199	MLT2B1:ERVL:LTR	3966	69.0818011346	99	111.62	126	88.59
Orang_JingJing_Zeb2_neg_R1	7578199	MLT1E3:MaLR:LTR	1660	46.1223120954	98	100.50	103	97.57
Orang_JingJing_Zeb2_neg_R1	7578199	MamRep4096:hAT?:DNA	1106	88.719063819	98	98.00	98	100.00
Orang_JingJing_Zeb2_neg_R1	7578199	Charlie10a:MER1_type:DNA	244	44.0097188237	97	97.00	97	100.00
Orang_JingJing_Zeb2_neg_R1	7578199	MER94:AcHobo:DNA	4136	99.5850974349	97	97.00	97	100.00
Orang_JingJing_Zeb2_neg_R1	7578199	THE1C-int:MaLR:LTR	1767	38.3615308932	97	97.00	97	100.00
Orang_JingJing_Zeb2_neg_R1	7578199	HAL1-2a_MD:L1:LINE	602	96.1149266087	96	114.00	114	100.00
Orang_JingJing_Zeb2_neg_R1	7578199	MER34A:ERV1:LTR	1359	48.1905792002	96	96.00	96	100.00
Orang_JingJing_Zeb2_neg_R1	7578199	LTR87:ERVL?:LTR	556	27.9594087343	95	95.00	95	100.00
Orang_JingJing_Zeb2_neg_R1	7578199	L1PA11:L1:LINE	3673	79.608392974	94	99.73	100	99.73
Orang_JingJing_Zeb2_neg_R1	7578199	L1MA4A:L1:LINE	5401	45.5975783342	93	96.00	96	100.00
Orang_JingJing_Zeb2_neg_R1	7578199	THE1B-int:MaLR:LTR	2474	85.7536950475	93	115.05	120	95.88
Orang_JingJing_Zeb2_neg_R1	7578199	L1MA10:L1:LINE	4336	67.5633785114	92	92.00	92	100.00
Orang_JingJing_Zeb2_neg_R1	7578199	LTR48:ERV1:LTR	940	32.7149931534	92	92.00	92	100.00
Orang_JingJing_Zeb2_neg_R1	7578199	LTR40c:ERVL:LTR	525	40.6794220689	91	91.00	91	100.00
Orang_JingJing_Zeb2_neg_R1	7578199	AluJ/FLAM:Alu:SINE	4379	58.9811354765	90	91.60	94	97.44
Orang_JingJing_Zeb2_neg_R1	7578199	MER4A1:ERV1:LTR	1869	59.1779379595	89	89.00	89	100.00
Orang_JingJing_Zeb2_neg_R1	7578199	Tigger7:MER2_type:DNA	3382	71.3714117151	89	109.82	110	99.84
Orang_JingJing_Zeb2_neg_R1	7578199	L1P3:L1:LINE	4111	68.2853148504	88	91.50	95	96.32
Orang_JingJing_Zeb2_neg_R1	7578199	HERVIP10F-int:ERV1:LTR	421	55.6278611546	87	96.00	96	100.00
Orang_JingJing_Zeb2_neg_R1	7578199	HERV9-int:ERV1:LTR	992	48.2744557326	86	89.55	94	95.27
Orang_JingJing_Zeb2_neg_R1	7578199	LTR33A:ERVL:LTR	1794	71.0922296315	86	94.22	123	76.60
Orang_JingJing_Zeb2_neg_R1	7578199	LTR39:ERV1:LTR	1035	32.9435112945	86	86.00	86	100.00
Orang_JingJing_Zeb2_neg_R1	7578199	MER66B:ERV1:LTR	1204	48.281809947	86	88.00	88	100.00
Orang_JingJing_Zeb2_neg_R1	7578199	Tigger6a:MER2_type:DNA	681	38.7048765061	85	85.00	85	100.00
Orang_JingJing_Zeb2_neg_R1	7578199	HERVE-int:ERV1:LTR	225	21.7119876315	84	86.00	86	100.00
Orang_JingJing_Zeb2_neg_R1	7578199	Tigger12c:MER2_type:DNA	929	90.0374135645	84	84.00	84	100.00
Orang_JingJing_Zeb2_neg_R1	7578199	Charlie10:MER1_type:DNA	1087	59.5562179388	83	83.00	83	100.00
Orang_JingJing_Zeb2_neg_R1	7578199	MER45A:Tip100:DNA	3008	94.9062307129	83	83.00	83	100.00
Orang_JingJing_Zeb2_neg_R1	7578199	MER6C:MER2_type:DNA	100	49.1934970978	83	83.51	86	97.11
Orang_JingJing_Zeb2_neg_R1	7578199	LTR10B1:ERV1:LTR	201	41.5635737086	81	81.00	81	100.00
Orang_JingJing_Zeb2_neg_R1	7578199	MER5C:MER1_type:DNA	1163	82.2505247854	81	81.00	81	100.00
Orang_JingJing_Zeb2_neg_R1	7578199	MSTA-int:MaLR:LTR	2442	44.8535715007	81	81.00	81	100.00
Orang_JingJing_Zeb2_neg_R1	7578199	AmnSINE1:SINE:SINE	977	87.8790796772	80	80.00	80	100.00
Orang_JingJing_Zeb2_neg_R1	7578199	LTR54:ERV1:LTR	1022	51.965791195	80	80.00	80	100.00
Orang_JingJing_Zeb2_neg_R1	7578199	MER52A:ERV1:LTR	1580	57.6462550878	80	80.00	80	100.00
Orang_JingJing_Zeb2_neg_R1	7578199	MER61A:ERV1:LTR	728	46.7778150727	80	109.21	113	96.65
Orang_JingJing_Zeb2_neg_R1	7578199	MSTB-int:MaLR:LTR	766	25.6704719002	79	83.50	87	95.98
Orang_JingJing_Zeb2_neg_R1	7578199	L1PB2:L1:LINE	2677	68.5291289267	77	85.08	101	84.24
Orang_JingJing_Zeb2_neg_R1	7578199	L1MCb:L1:LINE	1929	28.7991376944	75	75.19	87	86.43
Orang_JingJing_Zeb2_neg_R1	7578199	MamRep137:TcMar?:DNA	2057	73.8676210497	75	75.00	75	100.00
Orang_JingJing_Zeb2_neg_R1	7578199	LTR10A:ERV1:LTR	250	33.5095566576	74	74.00	74	100.00
Orang_JingJing_Zeb2_neg_R1	7578199	MER74A:ERVL:LTR	1386	53.7965598328	73	73.00	73	100.00
Orang_JingJing_Zeb2_neg_R1	7578199	MER119:MER1_type:DNA	1038	49.5492525111	72	72.00	72	100.00
Orang_JingJing_Zeb2_neg_R1	7578199	Tigger2b_Pri:MER2_type:DNA	1176	23.6503596265	72	72.00	72	100.00
Orang_JingJing_Zeb2_neg_R1	7578199	LTR31:ERV1:LTR	220	16.1958954451	71	71.00	71	100.00
Orang_JingJing_Zeb2_neg_R1	7578199	MER31-int:ERV1:LTR	1747	32.040443783	71	71.00	71	100.00
Orang_JingJing_Zeb2_neg_R1	7578199	HERV3-int:ERV1:LTR	248	44.2115282562	69	69.00	69	100.00
Orang_JingJing_Zeb2_neg_R1	7578199	L1P4:L1:LINE	3899	30.7743637986	69	73.00	73	100.00
Orang_JingJing_Zeb2_neg_R1	7578199	MER57B2:ERV1:LTR	950	46.0008980163	69	69.00	69	100.00
Orang_JingJing_Zeb2_neg_R1	7578199	MLT1E:MaLR:LTR	808	46.5728853373	69	69.00	69	100.00
Orang_JingJing_Zeb2_neg_R1	7578199	LTR79:ERVL:LTR	3621	36.3227851896	68	72.00	76	94.74
Orang_JingJing_Zeb2_neg_R1	7578199	LTR1C:ERV1:LTR	225	53.0571897493	67	67.00	67	100.00
Orang_JingJing_Zeb2_neg_R1	7578199	L1PA14:L1:LINE	2716	39.0074956158	66	66.00	66	100.00
Orang_JingJing_Zeb2_neg_R1	7578199	ERVL-B4-int:ERVL:LTR	3850	38.2245842102	64	67.00	67	100.00
Orang_JingJing_Zeb2_neg_R1	7578199	HERVK3-int:ERVK:LTR	243	54.8793830113	64	133.77	189	70.78
Orang_JingJing_Zeb2_neg_R1	7578199	MER92B:ERV1:LTR	770	35.9428052076	64	64.00	64	100.00
Orang_JingJing_Zeb2_neg_R1	7578199	MLT2D:ERVL:LTR	3906	38.2357183879	64	92.00	92	100.00
Orang_JingJing_Zeb2_neg_R1	7578199	L1M:L1:LINE	816	59.6493983767	63	63.00	63	100.00
Orang_JingJing_Zeb2_neg_R1	7578199	LTR47B:ERVL:LTR	327	37.3313055275	62	62.00	62	100.00
Orang_JingJing_Zeb2_neg_R1	7578199	MER67C:ERV1:LTR	1490	20.7533286165	62	64.69	66	98.02
Orang_JingJing_Zeb2_neg_R1	7578199	MLT1A-int:MaLR:LTR	394	15.4724856651	62	62.00	62	100.00
Orang_JingJing_Zeb2_neg_R1	7578199	MLT1A1-int:MaLR:LTR	424	14.9992644114	62	62.00	62	100.00
Orang_JingJing_Zeb2_neg_R1	7578199	LTR16D1:ERVL:LTR	184	71.8696958397	61	61.00	61	100.00
Orang_JingJing_Zeb2_neg_R1	7578199	MER34B:ERV1:LTR	594	43.0474583958	61	61.00	61	100.00
Orang_JingJing_Zeb2_neg_R1	7578199	MER63C:AcHobo:DNA	880	24.3919144762	61	61.00	61	100.00
Orang_JingJing_Zeb2_neg_R1	7578199	MER68-int:ERVL:LTR	310	16.5970608726	61	61.00	61	100.00
Orang_JingJing_Zeb2_neg_R1	7578199	MER90a:ERV1:LTR	1046	56.7341358323	61	61.00	61	100.00
Orang_JingJing_Zeb2_neg_R1	7578199	LTR5A:ERVK:LTR	154	21.1286938285	60	61.00	61	100.00
Orang_JingJing_Zeb2_neg_R1	7578199	LTR61:ERV1:LTR	110	22.0371898938	60	60.00	60	100.00
Orang_JingJing_Zeb2_neg_R1	7578199	LTR62:ERVL:LTR	268	26.2569184967	60	60.00	60	100.00
Orang_JingJing_Zeb2_neg_R1	7578199	MER51-int:ERV1:LTR	469	15.0521833835	60	60.00	60	100.00
Orang_JingJing_Zeb2_neg_R1	7578199	MER91C:Tip100:DNA	1396	51.481009398	59	59.00	59	100.00
Orang_JingJing_Zeb2_neg_R1	7578199	AluYd8:Alu:SINE	558	66.647835251	58	66.00	67	98.51
Orang_JingJing_Zeb2_neg_R1	7578199	Tigger6b:MER2_type:DNA	204	24.5683422098	58	58.00	58	100.00
Orang_JingJing_Zeb2_neg_R1	7578199	MER101-int:ERV1:LTR	1084	32.4108068961	57	57.00	57	100.00
Orang_JingJing_Zeb2_neg_R1	7578199	MER4E:ERV1:LTR	647	25.3513309787	57	60.33	67	90.05
Orang_JingJing_Zeb2_neg_R1	7578199	HERVI-int:ERV1:LTR	132	47.447272006	56	97.00	101	96.04
Orang_JingJing_Zeb2_neg_R1	7578199	LTR24:ERV1:LTR	272	66.4344727286	56	56.00	56	100.00
Orang_JingJing_Zeb2_neg_R1	7578199	MER47C:MER2_type:DNA	677	57.4429467603	56	56.00	56	100.00
Orang_JingJing_Zeb2_neg_R1	7578199	MER4A1_:ERV1:LTR	344	18.3304016863	56	56.00	56	100.00
Orang_JingJing_Zeb2_neg_R1	7578199	BLACKJACK:AcHobo:DNA	1914	33.9174997004	55	55.00	55	100.00
Orang_JingJing_Zeb2_neg_R1	7578199	LTR85a:Gypsy?:LTR	1656	46.5111222366	55	55.00	55	100.00
Orang_JingJing_Zeb2_neg_R1	7578199	MER63A:AcHobo:DNA	3201	56.7689045114	55	55.00	55	100.00
Orang_JingJing_Zeb2_neg_R1	7578199	LTR37A:ERV1:LTR	1746	49.187643925	54	54.00	54	100.00
Orang_JingJing_Zeb2_neg_R1	7578199	LTR9:ERV1:LTR	1764	49.9383559294	54	55.00	55	100.00
Orang_JingJing_Zeb2_neg_R1	7578199	Kanga2_a:Tc2:DNA	1324	56.6404793072	53	53.00	53	100.00
Orang_JingJing_Zeb2_neg_R1	7578199	LTR43-int:ERV1:LTR	65	20.4711750614	53	53.85	58	92.85
Orang_JingJing_Zeb2_neg_R1	7578199	LTR18B:ERVL:LTR	357	25.4808738221	52	52.00	52	100.00
Orang_JingJing_Zeb2_neg_R1	7578199	LTR32:ERVL:LTR	1123	26.530873083	51	51.00	51	100.00
Orang_JingJing_Zeb2_neg_R1	7578199	LTR3A:ERVK:LTR	139	34.8847603209	51	51.00	51	100.00
Orang_JingJing_Zeb2_neg_R1	7578199	MER51D:ERV1:LTR	136	53.9378171744	51	67.60	68	99.41
Orang_JingJing_Zeb2_neg_R1	7578199	MLT2C2:ERVL:LTR	1229	23.8335692141	51	51.00	51	100.00
Orang_JingJing_Zeb2_neg_R1	7578199	LTR10E:ERV1:LTR	250	22.9735654779	50	51.50	53	97.17
Orang_JingJing_Zeb2_neg_R1	7578199	LTR12_:ERV1:LTR	531	29.1380032748	50	50.00	50	100.00
Orang_JingJing_Zeb2_neg_R1	7578199	LTR86A1:ERVL:LTR	458	42.8177454627	50	50.00	50	100.00
Orang_JingJing_Zeb2_neg_R1	7578199	MER39B:ERV1:LTR	1009	46.1264779979	50	50.00	50	100.00
Orang_JingJing_Zeb2_neg_R1	7578199	Charlie5:MER1_type:DNA	2389	24.337251474	49	49.00	49	100.00
Orang_JingJing_Zeb2_neg_R1	7578199	L1PA8A:L1:LINE	2345	37.1592293698	49	57.50	59	97.46
Orang_JingJing_Zeb2_neg_R1	7578199	MER41C:ERV1:LTR	762	34.2464042381	49	49.00	49	100.00
Orang_JingJing_Zeb2_neg_R1	7578199	MER51E:ERV1:LTR	216	38.1878811686	49	49.00	49	100.00
Orang_JingJing_Zeb2_neg_R1	7578199	LTR16E2:ERVL:LTR	2045	53.8056056112	48	48.00	48	100.00
Orang_JingJing_Zeb2_neg_R1	7578199	LTR42:ERVL:LTR	259	29.7729510197	48	48.00	48	100.00
Orang_JingJing_Zeb2_neg_R1	7578199	Looper:PiggyBac:DNA	456	29.5890992817	48	48.00	48	100.00
Orang_JingJing_Zeb2_neg_R1	7578199	MER5C1:MER1_type:DNA	454	35.2966485963	48	48.00	48	100.00
Orang_JingJing_Zeb2_neg_R1	7578199	MER96B:hAT:DNA	1828	13.5921861969	48	48.00	48	100.00
Orang_JingJing_Zeb2_neg_R1	7578199	LTR43:ERV1:LTR	420	55.9515698933	47	51.18	53	96.56
Orang_JingJing_Zeb2_neg_R1	7578199	MER57A1:ERV1:LTR	930	30.332710351	47	47.00	47	100.00
Orang_JingJing_Zeb2_neg_R1	7578199	MamRep488:hAT:DNA	407	34.8618652219	47	47.00	47	100.00
Orang_JingJing_Zeb2_neg_R1	7578199	Tigger16b:Tigger:DNA	873	64.6863701477	47	47.00	47	100.00
Orang_JingJing_Zeb2_neg_R1	7578199	L1PB3:L1:LINE	3160	38.3199449071	46	58.00	60	96.67
Orang_JingJing_Zeb2_neg_R1	7578199	LTR64:ERV1:LTR	330	34.0770800536	46	46.00	46	100.00
Orang_JingJing_Zeb2_neg_R1	7578199	MER85:PiggyBac:DNA	784	35.8333748861	46	46.00	46	100.00
Orang_JingJing_Zeb2_neg_R1	7578199	HERVL40-int:ERVL:LTR	1206	22.2424812626	45	45.00	45	100.00
Orang_JingJing_Zeb2_neg_R1	7578199	LTR24B:ERV1:LTR	402	35.6092781266	45	45.00	45	100.00
Orang_JingJing_Zeb2_neg_R1	7578199	LTR49:ERV1:LTR	1165	14.8826821068	45	45.00	45	100.00
Orang_JingJing_Zeb2_neg_R1	7578199	LTR89:ERVL?:LTR	1027	25.0681260944	45	45.00	45	100.00
Orang_JingJing_Zeb2_neg_R1	7578199	MER99:hAT?:DNA	251	15.9648139695	45	45.00	45	100.00
Orang_JingJing_Zeb2_neg_R1	7578199	MER74B:ERVL:LTR	823	54.5882933129	44	51.00	51	100.00
Orang_JingJing_Zeb2_neg_R1	7578199	MamGypLTR3:Gypsy:LTR	751	47.1655548491	44	44.50	45	98.89
Orang_JingJing_Zeb2_neg_R1	7578199	Tigger9b:MER2_type:DNA	686	21.7602949912	44	44.00	44	100.00
Orang_JingJing_Zeb2_neg_R1	7578199	Arthur1:Tip100:DNA	2653	35.4598566485	43	44.50	46	96.74
Orang_JingJing_Zeb2_neg_R1	7578199	LTR26E:ERV1:LTR	260	50.8189037752	43	72.50	77	94.16
Orang_JingJing_Zeb2_neg_R1	7578199	MER57B1:ERV1:LTR	906	26.2194482215	43	43.00	43	100.00
Orang_JingJing_Zeb2_neg_R1	7578199	L1PBa:L1:LINE	2549	35.73255669	42	57.58	81	71.09
Orang_JingJing_Zeb2_neg_R1	7578199	MADE1:Mariner:DNA	6360	46.6098548819	42	42.00	42	100.00
Orang_JingJing_Zeb2_neg_R1	7578199	MER31B:ERV1:LTR	1323	16.7766023795	42	42.00	42	100.00
Orang_JingJing_Zeb2_neg_R1	7578199	Cheshire:MER1_type:DNA	1226	22.8979812441	41	41.00	41	100.00
Orang_JingJing_Zeb2_neg_R1	7578199	MamGypLTR1b:Gypsy:LTR	1032	16.4921105595	41	41.00	41	100.00
Orang_JingJing_Zeb2_neg_R1	7578199	HERVK22-int:ERVK:LTR	307	14.5113687036	40	40.00	47	85.11
Orang_JingJing_Zeb2_neg_R1	7578199	LTR47A:ERVL:LTR	763	29.500696951	40	40.00	40	100.00
Orang_JingJing_Zeb2_neg_R1	7578199	MER54A:ERVL:LTR	533	40.4833217744	40	40.00	40	100.00
Orang_JingJing_Zeb2_neg_R1	7578199	MER89:ERV1:LTR	1192	31.819836314	40	40.00	40	100.00
Orang_JingJing_Zeb2_neg_R1	7578199	MER65A:ERV1:LTR	1220	18.9745171975	39	39.00	39	100.00
Orang_JingJing_Zeb2_neg_R1	7578199	AluYa5:Alu:SINE	347	19.0912499769	38	39.53	48	82.36
Orang_JingJing_Zeb2_neg_R1	7578199	LFSINE_Vert:SINE:SINE	866	51.204230753	38	38.00	38	100.00
Orang_JingJing_Zeb2_neg_R1	7578199	MER11D:ERVK:LTR	212	14.0650307547	38	38.00	38	100.00
Orang_JingJing_Zeb2_neg_R1	7578199	LTR25:ERV1:LTR	131	19.3104807753	37	43.00	43	100.00
Orang_JingJing_Zeb2_neg_R1	7578199	LTR28:ERV1:LTR	491	26.9730106129	37	37.00	37	100.00
Orang_JingJing_Zeb2_neg_R1	7578199	MER51C:ERV1:LTR	143	14.8148306257	37	37.00	37	100.00
Orang_JingJing_Zeb2_neg_R1	7578199	MER54B:ERVL:LTR	400	11.1192901281	37	37.00	37	100.00
Orang_JingJing_Zeb2_neg_R1	7578199	LTR76:ERV1:LTR	135	18.4487517203	36	36.00	36	100.00
Orang_JingJing_Zeb2_neg_R1	7578199	MER44C:MER2_type:DNA	733	30.8059208433	36	46.00	46	100.00
Orang_JingJing_Zeb2_neg_R1	7578199	MER52D:ERV1:LTR	546	23.2244175681	36	39.50	43	91.86
Orang_JingJing_Zeb2_neg_R1	7578199	MSTB2:MaLR:LTR	1466	20.1196598605	36	36.00	36	100.00
Orang_JingJing_Zeb2_neg_R1	7578199	LTR16E1:ERVL:LTR	2283	41.9497251041	35	35.00	35	100.00
Orang_JingJing_Zeb2_neg_R1	7578199	LTR7B:ERV1:LTR	685	42.2389948662	35	42.00	42	100.00
Orang_JingJing_Zeb2_neg_R1	7578199	Tigger3:MER2_type:DNA	1650	37.1188190723	35	35.00	35	100.00
Orang_JingJing_Zeb2_neg_R1	7578199	L1PB:L1:LINE	1960	37.2129989059	34	34.00	34	100.00
Orang_JingJing_Zeb2_neg_R1	7578199	MER50:ERV1:LTR	2354	47.7497966319	34	53.00	53	100.00
Orang_JingJing_Zeb2_neg_R1	7578199	MER75:PiggyBac:DNA	434	15.9922077175	34	34.00	34	100.00
Orang_JingJing_Zeb2_neg_R1	7578199	MLT1J-int:MaLR:LTR	1285	32.2215332166	34	34.00	34	100.00
Orang_JingJing_Zeb2_neg_R1	7578199	Charlie13a:Charlie:DNA	481	16.5034966131	33	33.00	33	100.00
Orang_JingJing_Zeb2_neg_R1	7578199	FLAM:Alu:SINE	1142	31.6285722661	33	33.00	33	100.00
Orang_JingJing_Zeb2_neg_R1	7578199	MER4B:ERV1:LTR	1499	30.0498984636	33	38.33	47	81.56
Orang_JingJing_Zeb2_neg_R1	7578199	THE1-int:MaLR:LTR	445	23.3931826078	33	33.00	33	100.00
Orang_JingJing_Zeb2_neg_R1	7578199	L1MEb:L1:LINE	1664	19.0243019799	32	32.00	32	100.00
Orang_JingJing_Zeb2_neg_R1	7578199	L1P2:L1:LINE	2566	27.4927743876	32	39.20	49	80.00
Orang_JingJing_Zeb2_neg_R1	7578199	LTR13_:ERVK:LTR	26	8.40206774126	32	32.97	33	99.91
Orang_JingJing_Zeb2_neg_R1	7578199	LTR54B:ERV1:LTR	726	13.2060586991	32	32.00	32	100.00
Orang_JingJing_Zeb2_neg_R1	7578199	LTR45B:ERV1:LTR	374	12.3180022327	31	31.00	31	100.00
Orang_JingJing_Zeb2_neg_R1	7578199	MER57D:ERV1:LTR	442	11.663813098	31	31.00	31	100.00
Orang_JingJing_Zeb2_neg_R1	7578199	MER66C:ERV1:LTR	564	10.7510825995	31	31.00	31	100.00
Orang_JingJing_Zeb2_neg_R1	7578199	L1PA15-16:L1:LINE	1421	19.3711991457	30	30.00	30	100.00
Orang_JingJing_Zeb2_neg_R1	7578199	LTR29:ERV1:LTR	633	20.6092523372	30	30.00	30	100.00
Orang_JingJing_Zeb2_neg_R1	7578199	LTR73:ERV1:LTR	178	10.2690641501	30	40.00	40	100.00
Orang_JingJing_Zeb2_neg_R1	7578199	MER105:DNA:DNA	630	36.6009767108	30	30.00	30	100.00
Orang_JingJing_Zeb2_neg_R1	7578199	MER2B:MER2_type:DNA	1242	26.7957595273	30	30.00	30	100.00
Orang_JingJing_Zeb2_neg_R1	7578199	MER41D:ERV1:LTR	373	26.6043670019	30	36.97	41	90.16
Orang_JingJing_Zeb2_neg_R1	7578199	LTR10F:ERV1:LTR	388	19.7457776156	29	29.00	29	100.00
Orang_JingJing_Zeb2_neg_R1	7578199	LTR19B:ERV1:LTR	219	20.9932263257	29	29.00	29	100.00
Orang_JingJing_Zeb2_neg_R1	7578199	LTR85c:Gypsy?:LTR	988	39.1818202329	29	29.00	29	100.00
Orang_JingJing_Zeb2_neg_R1	7578199	Merlin1_HS:Merlin:DNA	40	33.8317481856	29	29.00	29	100.00
Orang_JingJing_Zeb2_neg_R1	7578199	MER45B:Tip100:DNA	1172	29.2776421102	28	35.00	38	92.11
Orang_JingJing_Zeb2_neg_R1	7578199	MER45C:Tip100:DNA	1056	33.6237213292	28	28.00	28	100.00
Orang_JingJing_Zeb2_neg_R1	7578199	MER4D:ERV1:LTR	1198	25.3569685146	28	28.00	28	100.00
Orang_JingJing_Zeb2_neg_R1	7578199	MER97c:MER1_type?:DNA	1135	25.4810824735	28	28.00	28	100.00
Orang_JingJing_Zeb2_neg_R1	7578199	MLT1E1:MaLR:LTR	942	22.0560895186	28	32.00	32	100.00
Orang_JingJing_Zeb2_neg_R1	7578199	MLT2B2:ERVL:LTR	1962	12.9805202011	28	28.00	28	100.00
Orang_JingJing_Zeb2_neg_R1	7578199	HERVK14-int:ERVK:LTR	355	23.6937865719	27	27.08	38	71.25
Orang_JingJing_Zeb2_neg_R1	7578199	LTR15:ERV1:LTR	186	11.6048301757	27	27.00	27	100.00
Orang_JingJing_Zeb2_neg_R1	7578199	LTR16B2:ERVL:LTR	1409	20.3759371062	27	27.00	27	100.00
Orang_JingJing_Zeb2_neg_R1	7578199	L1MDb:L1:LINE	886	14.0257613307	26	26.00	26	100.00
Orang_JingJing_Zeb2_neg_R1	7578199	LTR16B:ERVL:LTR	660	11.6791208884	26	26.00	26	100.00
Orang_JingJing_Zeb2_neg_R1	7578199	MER87:ERV1:LTR	341	15.5170794022	26	26.00	26	100.00
Orang_JingJing_Zeb2_neg_R1	7578199	MER8:MER2_type:DNA	1694	35.6023878758	26	26.00	26	100.00
Orang_JingJing_Zeb2_neg_R1	7578199	HERVH48-int:ERV1:LTR	115	6.68199249424	25	27.00	27	100.00
Orang_JingJing_Zeb2_neg_R1	7578199	L1M3b:L1:LINE	562	8.42735731231	25	25.00	25	100.00
Orang_JingJing_Zeb2_neg_R1	7578199	LTR4:ERV1:LTR	77	10.5761200877	25	25.00	25	100.00
Orang_JingJing_Zeb2_neg_R1	7578199	LTR66:ERVL:LTR	216	10.7303045642	25	25.00	25	100.00
Orang_JingJing_Zeb2_neg_R1	7578199	MER57F:ERV1:LTR	373	9.48743934909	25	25.00	25	100.00
Orang_JingJing_Zeb2_neg_R1	7578199	MER65-int:ERV1:LTR	812	26.5941496711	25	25.00	25	100.00
Orang_JingJing_Zeb2_neg_R1	7578199	Ricksha_c:MuDR:DNA	989	18.0970625557	25	25.00	25	100.00
Orang_JingJing_Zeb2_neg_R1	7578199	THE1A-int:MaLR:LTR	722	9.45991329036	25	25.00	25	100.00
Orang_JingJing_Zeb2_neg_R1	7578199	HERVK-int:ERVK:LTR	189	27.0630166168	24	24.00	24	100.00
Orang_JingJing_Zeb2_neg_R1	7578199	LTR10G:ERV1:LTR	96	12.275113891	24	24.00	24	100.00
Orang_JingJing_Zeb2_neg_R1	7578199	LTR6A:ERV1:LTR	190	26.4295514928	24	35.00	35	100.00
Orang_JingJing_Zeb2_neg_R1	7578199	MER44B:MER2_type:DNA	1266	26.3922483785	24	24.00	24	100.00
Orang_JingJing_Zeb2_neg_R1	7578199	MER4D0:ERV1:LTR	402	6.35047333956	24	24.00	24	100.00
Orang_JingJing_Zeb2_neg_R1	7578199	MLT1H1-int:MaLR:LTR	312	9.34212207637	24	24.00	24	100.00
Orang_JingJing_Zeb2_neg_R1	7578199	MSTD-int:MaLR:LTR	678	39.9600552673	24	43.00	48	89.58
Orang_JingJing_Zeb2_neg_R1	7578199	HERVL74-int:ERVL:LTR	590	6.94109332392	23	24.00	24	100.00
Orang_JingJing_Zeb2_neg_R1	7578199	L1MEa:L1:LINE	352	11.0366126949	23	23.00	23	100.00
Orang_JingJing_Zeb2_neg_R1	7578199	Charlie7a:MER1_type:DNA	1277	38.6703423564	22	27.50	33	83.33
Orang_JingJing_Zeb2_neg_R1	7578199	HERVL-int:ERVL:LTR	2512	12.9159418043	22	25.00	29	86.21
Orang_JingJing_Zeb2_neg_R1	7578199	HUERS-P3-int:ERV1:LTR	623	8.44203356455	22	22.00	22	100.00
Orang_JingJing_Zeb2_neg_R1	7578199	L1PBa1:L1:LINE	523	9.16017000427	22	22.00	22	100.00
Orang_JingJing_Zeb2_neg_R1	7578199	LTR23:ERV1:LTR	733	26.061774079	22	28.50	29	98.28
Orang_JingJing_Zeb2_neg_R1	7578199	MER72B:ERV1:LTR	160	7.98655662315	22	22.00	22	100.00
Orang_JingJing_Zeb2_neg_R1	7578199	MER90:ERV1:LTR	621	17.6366765373	22	22.00	22	100.00
Orang_JingJing_Zeb2_neg_R1	7578199	L1MEg1:L1:LINE	730	30.4517248451	21	21.00	21	100.00
Orang_JingJing_Zeb2_neg_R1	7578199	LOR1-int:ERV1:LTR	1170	26.6864052091	21	34.29	41	83.64
Orang_JingJing_Zeb2_neg_R1	7578199	LTR16D:ERVL:LTR	1007	22.8265990613	21	21.00	21	100.00
Orang_JingJing_Zeb2_neg_R1	7578199	MER53:hAT:DNA	4971	21.3238032273	21	21.00	21	100.00
Orang_JingJing_Zeb2_neg_R1	7578199	MamRep38:hAT:DNA	1763	22.0067771083	21	21.00	21	100.00
Orang_JingJing_Zeb2_neg_R1	7578199	AluYb8:Alu:SINE	154	9.70683857396	20	20.00	20	100.00
Orang_JingJing_Zeb2_neg_R1	7578199	Charlie24:MER1_type:DNA	1093	23.1582361488	20	20.00	20	100.00
Orang_JingJing_Zeb2_neg_R1	7578199	HERVL18-int:ERVL:LTR	524	9.3586861226	20	20.00	20	100.00
Orang_JingJing_Zeb2_neg_R1	7578199	L1P4a:L1:LINE	596	9.07829730866	20	27.00	27	100.00
Orang_JingJing_Zeb2_neg_R1	7578199	LTR12:ERV1:LTR	696	12.5798661897	20	23.00	23	100.00
Orang_JingJing_Zeb2_neg_R1	7578199	LTR22C:ERVK:LTR	309	13.6444350144	20	20.00	20	100.00
Orang_JingJing_Zeb2_neg_R1	7578199	LTR34:ERV1:LTR	329	22.2683739907	20	22.00	22	100.00
Orang_JingJing_Zeb2_neg_R1	7578199	LTR71A:ERV1:LTR	149	26.3914948657	20	20.00	20	100.00
Orang_JingJing_Zeb2_neg_R1	7578199	Charlie13b:Charlie:DNA	344	19.9093733198	19	19.00	19	100.00
Orang_JingJing_Zeb2_neg_R1	7578199	Charlie23a:MER1_type:DNA	1238	20.4455971501	19	19.00	19	100.00
Orang_JingJing_Zeb2_neg_R1	7578199	Kanga1b:Tc2:DNA	333	39.797261961	19	51.52	53	97.20
Orang_JingJing_Zeb2_neg_R1	7578199	LTR27:ERV1:LTR	341	18.0373526061	19	19.00	19	100.00
Orang_JingJing_Zeb2_neg_R1	7578199	LTR75:ERVL:LTR	339	15.4169911453	19	23.00	23	100.00
Orang_JingJing_Zeb2_neg_R1	7578199	LTR84a:ERVL:LTR	595	9.09265375816	19	19.00	19	100.00
Orang_JingJing_Zeb2_neg_R1	7578199	MER110-int:ERV1:LTR	334	25.183188612	19	19.00	19	100.00
Orang_JingJing_Zeb2_neg_R1	7578199	MER57E1:ERV1:LTR	454	12.5989548354	19	19.00	19	100.00
Orang_JingJing_Zeb2_neg_R1	7578199	MER83:ERV1:LTR	405	9.18778155105	19	19.00	19	100.00
Orang_JingJing_Zeb2_neg_R1	7578199	MLT1F-int:MaLR:LTR	460	9.49198789013	19	19.00	19	100.00
Orang_JingJing_Zeb2_neg_R1	7578199	Tigger8:MER2_type:DNA	747	25.9984300486	19	19.00	19	100.00
Orang_JingJing_Zeb2_neg_R1	7578199	L1M3c:L1:LINE	1062	7.11990779717	18	18.00	18	100.00
Orang_JingJing_Zeb2_neg_R1	7578199	LTR26:ERV1:LTR	561	17.328730674	18	18.00	18	100.00
Orang_JingJing_Zeb2_neg_R1	7578199	LTR46:ERV1:LTR	204	9.83856037122	18	18.00	18	100.00
Orang_JingJing_Zeb2_neg_R1	7578199	Ricksha_b:MuDR:DNA	102	23.5171736427	18	18.00	18	100.00
Orang_JingJing_Zeb2_neg_R1	7578199	AluJ/FRAM:Alu:SINE	1886	31.6441812116	17	27.96	28	99.85
Orang_JingJing_Zeb2_neg_R1	7578199	Charlie11:MER1_type:DNA	89	17.0374136772	17	17.00	17	100.00
Orang_JingJing_Zeb2_neg_R1	7578199	Kanga1a:Tc2:DNA	628	23.2383609147	17	17.00	17	100.00
Orang_JingJing_Zeb2_neg_R1	7578199	LTR88b:Gypsy?:LTR	1447	22.6416774876	17	17.00	17	100.00
Orang_JingJing_Zeb2_neg_R1	7578199	MER115:Tip100:DNA	2195	22.8230903929	17	17.00	17	100.00
Orang_JingJing_Zeb2_neg_R1	7578199	ORSL:Tip100:DNA	1033	24.4921069777	17	17.00	17	100.00
Orang_JingJing_Zeb2_neg_R1	7578199	Tigger11a:MER2_type:DNA	379	18.6889728927	17	17.00	17	100.00
Orang_JingJing_Zeb2_neg_R1	7578199	Charlie26a:MER1_type:DNA	462	16.762165658	16	16.00	16	100.00
Orang_JingJing_Zeb2_neg_R1	7578199	Charlie6:MER1_type:DNA	232	8.75156527631	16	16.00	16	100.00
Orang_JingJing_Zeb2_neg_R1	7578199	HUERS-P2-int:ERV1:LTR	234	9.34212207637	16	16.00	16	100.00
Orang_JingJing_Zeb2_neg_R1	7578199	L1MEg2:L1:LINE	663	7.59467478151	16	16.00	16	100.00
Orang_JingJing_Zeb2_neg_R1	7578199	LTR52-int:ERVL:LTR	247	5.53072606042	16	16.00	16	100.00
Orang_JingJing_Zeb2_neg_R1	7578199	LTR56:ERV1:LTR	800	12.9889891101	16	16.00	16	100.00
Orang_JingJing_Zeb2_neg_R1	7578199	LTR57-int:ERVL:LTR	311	5.83039450035	16	16.00	16	100.00
Orang_JingJing_Zeb2_neg_R1	7578199	LTR84b:ERVL:LTR	1037	5.91249301479	16	16.00	16	100.00
Orang_JingJing_Zeb2_neg_R1	7578199	MER67A:ERV1:LTR	401	20.6807115061	16	16.00	16	100.00
Orang_JingJing_Zeb2_neg_R1	7578199	MER97a:MER1_type?:DNA	312	16.8480995925	16	19.50	23	84.78
Orang_JingJing_Zeb2_neg_R1	7578199	Charlie20a:Charlie:DNA	731	6.85264578107	15	15.00	15	100.00
Orang_JingJing_Zeb2_neg_R1	7578199	L1M3e:L1:LINE	754	15.2095207378	15	15.00	18	83.33
Orang_JingJing_Zeb2_neg_R1	7578199	LTR21B:ERV1:LTR	49	12.1588265601	15	15.00	15	100.00
Orang_JingJing_Zeb2_neg_R1	7578199	MER47B:MER2_type:DNA	666	15.2598418274	15	15.00	15	100.00
Orang_JingJing_Zeb2_neg_R1	7578199	MER51B:ERV1:LTR	664	7.78870550064	15	15.00	15	100.00
Orang_JingJing_Zeb2_neg_R1	7578199	MER61D:ERV1:LTR	234	8.77068936143	15	15.00	15	100.00
Orang_JingJing_Zeb2_neg_R1	7578199	MER96:hAT:DNA	1109	19.5976447023	15	15.00	15	100.00
Orang_JingJing_Zeb2_neg_R1	7578199	HUERS-P3b-int:ERV1:LTR	381	6.3991822341	14	14.00	14	100.00
Orang_JingJing_Zeb2_neg_R1	7578199	L1PA12:L1:LINE	1625	5.6532907797	14	14.00	14	100.00
Orang_JingJing_Zeb2_neg_R1	7578199	LTR71B:ERV1:LTR	211	6.19934443155	14	14.00	14	100.00
Orang_JingJing_Zeb2_neg_R1	7578199	LTR80B:ERVL:LTR	431	18.2911350555	14	14.00	14	100.00
Orang_JingJing_Zeb2_neg_R1	7578199	MLT1C-int:MaLR:LTR	413	4.45157744723	14	14.00	14	100.00
Orang_JingJing_Zeb2_neg_R1	7578199	MLT1E2-int:MaLR:LTR	120	8.32164252523	14	14.00	14	100.00
Orang_JingJing_Zeb2_neg_R1	7578199	MamGypLTR2b:Gypsy:LTR	779	18.2911350555	14	14.00	14	100.00
Orang_JingJing_Zeb2_neg_R1	7578199	ORSL-2b:Tip100:DNA	600	18.7572954053	14	14.00	14	100.00
Orang_JingJing_Zeb2_neg_R1	7578199	ERVL-int:ERVL:LTR	956	10.8675900786	13	13.00	13	100.00
Orang_JingJing_Zeb2_neg_R1	7578199	HERVS71-int:ERV1:LTR	106	5.69859944355	13	13.00	13	100.00
Orang_JingJing_Zeb2_neg_R1	7578199	L1P5:L1:LINE	789	16.9846254086	13	13.00	13	100.00
Orang_JingJing_Zeb2_neg_R1	7578199	LTR22A:ERVK:LTR	169	28.7753282757	13	20.00	20	99.98
Orang_JingJing_Zeb2_neg_R1	7578199	LTR24C:ERV1:LTR	322	14.4688915991	13	13.00	13	100.00
Orang_JingJing_Zeb2_neg_R1	7578199	MER65D:ERV1:LTR	372	5.74050929134	13	13.50	14	96.43
Orang_JingJing_Zeb2_neg_R1	7578199	MLT1A0-int:MaLR:LTR	834	4.22523932579	13	13.00	13	100.00
Orang_JingJing_Zeb2_neg_R1	7578199	MLT1J1-int:MaLR:LTR	419	5.51590728705	13	13.00	13	100.00
Orang_JingJing_Zeb2_neg_R1	7578199	MamGypLTR2c:Gypsy:LTR	928	8.73078691488	13	13.00	13	100.00
Orang_JingJing_Zeb2_neg_R1	7578199	Zaphod2:Tip100:DNA	553	4.6870141155	13	13.00	13	100.00
Orang_JingJing_Zeb2_neg_R1	7578199	HERV1_LTRa:ERV1:LTR	27	6.73825400827	12	12.00	12	100.00
Orang_JingJing_Zeb2_neg_R1	7578199	HERV1_LTRc:ERV1:LTR	28	5.14120029852	12	12.00	12	100.00
Orang_JingJing_Zeb2_neg_R1	7578199	Kanga11a:Tc2:DNA	740	15.5273646487	12	12.00	12	100.00
Orang_JingJing_Zeb2_neg_R1	7578199	LTR12D:ERV1:LTR	433	10.2409933037	12	16.45	19	86.55
Orang_JingJing_Zeb2_neg_R1	7578199	LTR19A:ERV1:LTR	339	12.9826273297	12	12.00	12	100.00
Orang_JingJing_Zeb2_neg_R1	7578199	LTR6B:ERV1:LTR	119	6.30872387229	12	12.00	12	100.00
Orang_JingJing_Zeb2_neg_R1	7578199	LTR90A:LTR:LTR	345	16.3246359994	12	12.00	12	100.00
Orang_JingJing_Zeb2_neg_R1	7578199	MER70-int:ERVL:LTR	206	8.84893651098	12	12.00	12	100.00
Orang_JingJing_Zeb2_neg_R1	7578199	MLT1B-int:MaLR:LTR	453	6.55277228445	12	12.00	12	100.00
Orang_JingJing_Zeb2_neg_R1	7578199	MLT1F2-int:MaLR:LTR	240	5.61521167356	12	12.00	12	100.00
Orang_JingJing_Zeb2_neg_R1	7578199	SVA_C:Other:Other	11	7.32395551298	12	12.00	12	100.00
Orang_JingJing_Zeb2_neg_R1	7578199	AluYc3:Alu:SINE	755	4.58921403826	11	11.00	11	100.00
Orang_JingJing_Zeb2_neg_R1	7578199	Charlie3:MER1_type:DNA	312	14.0001178397	11	11.00	11	100.00
Orang_JingJing_Zeb2_neg_R1	7578199	HERV1_I-int:ERV1:LTR	57	8.3421391817	11	11.00	11	100.00
Orang_JingJing_Zeb2_neg_R1	7578199	L1M3d:L1:LINE	513	4.01989936683	11	11.00	11	100.00
Orang_JingJing_Zeb2_neg_R1	7578199	L5:RTE:LINE	637	16.3349388533	11	15.17	27	56.20
Orang_JingJing_Zeb2_neg_R1	7578199	LTR14:ERVK:LTR	73	5.07528747418	11	11.00	11	100.00
Orang_JingJing_Zeb2_neg_R1	7578199	MER45R:Tip100:DNA	462	3.08180937923	11	11.00	11	100.00
Orang_JingJing_Zeb2_neg_R1	7578199	MLT1I-int:MaLR:LTR	730	6.15056024413	11	11.00	11	100.00
Orang_JingJing_Zeb2_neg_R1	7578199	Arthur1C:Tip100:DNA	443	13.6038633329	10	10.00	10	100.00
Orang_JingJing_Zeb2_neg_R1	7578199	HERV4_I-int:ERV1:LTR	330	8.85620633078	10	10.00	10	100.00
Orang_JingJing_Zeb2_neg_R1	7578199	LTR14A:ERVK:LTR	93	4.32647456815	10	10.00	10	100.00
Orang_JingJing_Zeb2_neg_R1	7578199	LTR72:ERV1:LTR	137	15.3791303501	10	14.00	14	100.00
Orang_JingJing_Zeb2_neg_R1	7578199	LTR72B:ERV1:LTR	170	13.0650964682	10	10.00	10	100.00
Orang_JingJing_Zeb2_neg_R1	7578199	LTR90B:LTR:LTR	478	13.4114854675	10	10.00	10	100.00
Orang_JingJing_Zeb2_neg_R1	7578199	MER101:ERV1:LTR	319	7.5404271045	10	10.00	10	100.00
Orang_JingJing_Zeb2_neg_R1	7578199	MLT2B5:ERVL:LTR	308	5.13453207505	10	10.00	10	100.00
Orang_JingJing_Zeb2_neg_R1	7578199	ALINE:RTE:LINE	250	8.42441166533	9	9.00	9	100.00
Orang_JingJing_Zeb2_neg_R1	7578199	L1M2a:L1:LINE	464	0.583974760161	9	9.00	9	100.00
Orang_JingJing_Zeb2_neg_R1	7578199	LTR39-int:ERV1:LTR	112	3.89382711134	9	9.00	9	100.00
Orang_JingJing_Zeb2_neg_R1	7578199	LTR83:ERVL:LTR	638	12.2434769996	9	9.00	9	100.00
Orang_JingJing_Zeb2_neg_R1	7578199	MER21-int:ERV1:LTR	825	3.87329607237	9	9.00	9	100.00
Orang_JingJing_Zeb2_neg_R1	7578199	MER30B:MER1_type:DNA	141	6.46352975375	9	11.49	12	95.74
Orang_JingJing_Zeb2_neg_R1	7578199	MamRep1894:hAT:DNA	591	12.6342262655	9	9.00	9	100.00
Orang_JingJing_Zeb2_neg_R1	7578199	Charlie25:MER1_type:DNA	883	4.79845361195	8	8.00	8	100.00
Orang_JingJing_Zeb2_neg_R1	7578199	HERVKC4-int:ERVK:LTR	32	2.90815370421	8	8.00	8	100.00
Orang_JingJing_Zeb2_neg_R1	7578199	LTR19C:ERV1:LTR	191	2.90727251672	8	8.00	8	100.00
Orang_JingJing_Zeb2_neg_R1	7578199	MER6:MER2_type:DNA	761	10.9964561941	8	8.00	8	100.00
Orang_JingJing_Zeb2_neg_R1	7578199	MSTC-int:MaLR:LTR	153	6.10207973774	8	8.00	8	100.00
Orang_JingJing_Zeb2_neg_R1	7578199	SVA_B:Other:Other	26	9.93689260902	8	14.00	14	100.00
Orang_JingJing_Zeb2_neg_R1	7578199	Tigger9a:Tigger:DNA	911	2.90540643586	8	8.00	8	100.00
Orang_JingJing_Zeb2_neg_R1	7578199	Charlie14a:MER1_type:DNA	634	3.77021355225	7	7.00	7	100.00
Orang_JingJing_Zeb2_neg_R1	7578199	HERVK11-int:ERVK:LTR	241	4.93958460054	7	7.00	7	100.00
Orang_JingJing_Zeb2_neg_R1	7578199	HUERS-P1-int:ERV1:LTR	443	3.05861695464	7	7.00	7	100.00
Orang_JingJing_Zeb2_neg_R1	7578199	MER48:ERV1:LTR	176	10.6124706286	7	12.00	17	70.59
Orang_JingJing_Zeb2_neg_R1	7578199	MER61E:ERV1:LTR	279	4.91331021437	7	7.00	7	100.00
Orang_JingJing_Zeb2_neg_R1	7578199	MSTB2-int:MaLR:LTR	84	3.27554014291	7	7.00	7	100.00
Orang_JingJing_Zeb2_neg_R1	7578199	PABL_B:ERV1:LTR	301	3.17423477767	7	7.00	7	100.00
Orang_JingJing_Zeb2_neg_R1	7578199	Tigger12A:MER2_type:DNA	465	2.51006065299	7	7.00	7	100.00
Orang_JingJing_Zeb2_neg_R1	7578199	Arthur1A:Tip100:DNA	986	2.7976849681	6	6.00	6	100.00
Orang_JingJing_Zeb2_neg_R1	7578199	HERVIP10FH-int:ERV1:LTR	564	2.71145495196	6	6.00	6	100.00
Orang_JingJing_Zeb2_neg_R1	7578199	L1M3f:L1:LINE	685	2.35409472029	6	6.00	6	100.00
Orang_JingJing_Zeb2_neg_R1	7578199	LTR10C:ERV1:LTR	459	8.33415627339	6	6.00	6	100.00
Orang_JingJing_Zeb2_neg_R1	7578199	LTR17:ERV1:LTR	767	12.2761735437	6	10.00	10	100.00
Orang_JingJing_Zeb2_neg_R1	7578199	LTR27B:ERV1:LTR	527	4.26836128585	6	6.00	6	100.00
Orang_JingJing_Zeb2_neg_R1	7578199	LTR51:ERV1:LTR	389	2.54580336325	6	6.00	6	100.00
Orang_JingJing_Zeb2_neg_R1	7578199	MamGypLTR1a:Gypsy:LTR	910	8.24734214554	6	6.00	6	100.00
Orang_JingJing_Zeb2_neg_R1	7578199	Zaphod:Tip100:DNA	1824	6.18572930966	6	6.00	6	100.00
Orang_JingJing_Zeb2_neg_R1	7578199	LTR38:ERV1:LTR	286	7.01901459195	5	5.00	5	100.00
Orang_JingJing_Zeb2_neg_R1	7578199	MER34C_:ERV1:LTR	829	6.80193166643	5	5.00	5	100.00
Orang_JingJing_Zeb2_neg_R1	7578199	MLT1L-int:MaLR:LTR	96	4.36945279234	5	5.00	5	100.00
Orang_JingJing_Zeb2_neg_R1	7578199	LTR10D:ERV1:LTR	176	8.29068699198	4	8.50	13	65.38
Orang_JingJing_Zeb2_neg_R1	7578199	MER50-int:ERV1:LTR	467	2.69300968018	4	4.00	4	100.00
Orang_JingJing_Zeb2_neg_R1	7578199	MamGypLTR1c:Gypsy:LTR	1005	1.45008213548	4	4.00	4	100.00
Orang_JingJing_Zeb2_neg_R1	7578199	MamRep1879:hAT?:DNA	1259	1.73628255696	4	4.00	4	100.00
Orang_JingJing_Zeb2_neg_R1	7578199	Ricksha_0:MuDR:DNA	328	1.52994173135	4	4.00	4	100.00
Orang_JingJing_Zeb2_neg_R1	7578199	L1M3a:L1:LINE	551	3.91952894046	3	3.00	3	100.00
Orang_JingJing_Zeb2_neg_R1	7578199	MER61B:ERV1:LTR	372	1.54035962251	3	3.00	3	100.00
Orang_JingJing_Zeb2_neg_R1	7578199	MamGyp-int:Gypsy:LTR	310	1.37087910646	3	3.00	3	100.00
Orang_JingJing_Zeb2_neg_R1	7578199	AluYc5:Alu:SINE	316	2.90016427096	2	2.00	2	100.00
Orang_JingJing_Zeb2_neg_R1	7578199	L1M3de:L1:LINE	455	0.59351187854	2	3.00	3	100.00
Orang_JingJing_Zeb2_neg_R1	7578199	LTR33C:ERVL:LTR	863	2.72077266657	2	2.00	2	100.00
Orang_JingJing_Zeb2_neg_R1	7578199	LTR36:ERV1:LTR	462	0.837825233833	2	2.00	2	100.00
Orang_JingJing_Zeb2_neg_R1	7578199	MER34D:ERV1:LTR	244	0.807079353692	2	2.00	2	100.00
Orang_JingJing_Zeb2_neg_R1	7578199	MER50B:ERV1:LTR	613	2.83779514685	2	2.00	2	100.00
Orang_JingJing_Zeb2_neg_R1	7578199	MER58D:MER1_type:DNA	699	0.762759967218	2	2.00	2	100.00
Orang_JingJing_Zeb2_neg_R1	7578199	MER65C:ERV1:LTR	577	1.92655839939	2	2.00	2	100.00
Orang_JingJing_Zeb2_neg_R1	7578199	FordPrefect:Tip100:DNA	512	1.40380291839	1	1.00	1	100.00
Orang_JingJing_Zeb2_neg_R1	7578199	HERVFH21-int:ERV1:LTR	74	1.3329037811	1	1.00	1	100.00
Orang_JingJing_Zeb2_neg_R1	7578199	Kanga1c:Tc2:DNA	535	1.53438923638	1	1.00	1	100.00
Orang_JingJing_Zeb2_neg_R1	7578199	LTR19-int:ERV1:LTR	160	0.399871134329	1	1.00	1	100.00
Orang_JingJing_Zeb2_neg_R1	7578199	LTR80A:ERVL:LTR	327	1.30650964682	1	1.00	1	100.00
Orang_JingJing_Zeb2_neg_R1	7578199	MER6B:MER2_type:DNA	554	1.41889757343	1	1.00	1	100.00
Orang_JingJing_Zeb2_neg_R1	7578199	PRIMA41-int:ERV1:LTR	386	1.51675257849	1	1.00	1	100.00
Orang_JingJing_Zeb2_neg_R1	7578199	5S:rRNA:rRNA	1047	0	0	0.00	0	NA
Orang_JingJing_Zeb2_neg_R1	7578199	7SK:RNA:RNA	625	0	0	0.00	0	NA
Orang_JingJing_Zeb2_neg_R1	7578199	7SLRNA:srpRNA:srpRNA	811	0	0	0.00	0	NA
Orang_JingJing_Zeb2_neg_R1	7578199	AluJ/F(R)AM:Alu:SINE	43	0	0	0.00	0	NA
Orang_JingJing_Zeb2_neg_R1	7578199	AluJ/monomer:Alu:SINE	329	0	0	0.00	0	NA
Orang_JingJing_Zeb2_neg_R1	7578199	AluJo/F(R)AM:Alu:SINE	24	0	0	0.00	0	NA
Orang_JingJing_Zeb2_neg_R1	7578199	AluSg/q:Alu:SINE	18	0	0	0.00	0	NA
Orang_JingJing_Zeb2_neg_R1	7578199	AluYa5/8:Alu:SINE	47	0	0	0.00	0	NA
Orang_JingJing_Zeb2_neg_R1	7578199	AluYa8:Alu:SINE	45	0	0	0.00	0	NA
Orang_JingJing_Zeb2_neg_R1	7578199	AluYa:Alu:SINE	19	0	0	0.00	0	NA
Orang_JingJing_Zeb2_neg_R1	7578199	AluYb:Alu:SINE	94	0	0	0.00	0	NA
Orang_JingJing_Zeb2_neg_R1	7578199	AluYc:Alu:SINE	10	0	0	0.00	0	NA
Orang_JingJing_Zeb2_neg_R1	7578199	AluYd:Alu:SINE	51	0	0	0.00	0	NA
Orang_JingJing_Zeb2_neg_R1	7578199	AluYg:Alu:SINE	154	0	0	0.00	0	NA
Orang_JingJing_Zeb2_neg_R1	7578199	AluYh9:Alu:SINE	82	0	0	0.00	0	NA
Orang_JingJing_Zeb2_neg_R1	7578199	AluYh:Alu:SINE	13	0	0	0.00	0	NA
Orang_JingJing_Zeb2_neg_R1	7578199	Arthur1B:Tip100:DNA	1474	0	0	0.00	0	NA
Orang_JingJing_Zeb2_neg_R1	7578199	BC200:scRNA:scRNA	220	0	0	0.00	0	NA
Orang_JingJing_Zeb2_neg_R1	7578199	Charlie10b:MER1_type:DNA	243	0	0	0.00	0	NA
Orang_JingJing_Zeb2_neg_R1	7578199	Charlie12:MER1_type:DNA	18	0	0	0.00	0	NA
Orang_JingJing_Zeb2_neg_R1	7578199	Charlie4:MER1_type:DNA	142	0	0	0.00	0	NA
Orang_JingJing_Zeb2_neg_R1	7578199	FRAM/FAM:Alu:SINE	475	0	0	0.00	0	NA
Orang_JingJing_Zeb2_neg_R1	7578199	FordPrefect_a:Tip100:DNA	190	0	0	0.00	0	NA
Orang_JingJing_Zeb2_neg_R1	7578199	HERV15-int:ERV1:LTR	69	0	0	0.00	0	NA
Orang_JingJing_Zeb2_neg_R1	7578199	HERV17-int:ERV1:LTR	857	0	0	0.00	0	NA
Orang_JingJing_Zeb2_neg_R1	7578199	HERV1_LTRb:ERV1:LTR	7	0	0	0.00	0	NA
Orang_JingJing_Zeb2_neg_R1	7578199	HERV1_LTRd:ERV1:LTR	13	0	0	0.00	0	NA
Orang_JingJing_Zeb2_neg_R1	7578199	HERV1_LTRe:ERV1:LTR	21	0	0	0.00	0	NA
Orang_JingJing_Zeb2_neg_R1	7578199	HERV30-int:ERV1:LTR	64	0	0	0.00	0	NA
Orang_JingJing_Zeb2_neg_R1	7578199	HERV35I-int:ERV1:LTR	470	0	0	0.00	0	NA
Orang_JingJing_Zeb2_neg_R1	7578199	HERVFH19-int:ERV1:LTR	102	0	0	0.00	0	NA
Orang_JingJing_Zeb2_neg_R1	7578199	HERVK11D-int:ERVK:LTR	48	0	0	0.00	0	NA
Orang_JingJing_Zeb2_neg_R1	7578199	HERVK13-int:ERVK:LTR	44	0	0	0.00	0	NA
Orang_JingJing_Zeb2_neg_R1	7578199	HERVK14C-int:ERVK:LTR	48	0	0	0.00	0	NA
Orang_JingJing_Zeb2_neg_R1	7578199	HERVL32-int:ERVL:LTR	102	0	0	0.00	0	NA
Orang_JingJing_Zeb2_neg_R1	7578199	HERVL66-int:ERVL:LTR	58	0	0	0.00	0	NA
Orang_JingJing_Zeb2_neg_R1	7578199	HERVP71A-int:ERV1:LTR	202	2.93238831841	0	2.00	6	33.33
Orang_JingJing_Zeb2_neg_R1	7578199	HY1:scRNA:scRNA	362	0	0	0.00	0	NA
Orang_JingJing_Zeb2_neg_R1	7578199	HY3:scRNA:scRNA	457	0	0	0.00	0	NA
Orang_JingJing_Zeb2_neg_R1	7578199	HY4:scRNA:scRNA	127	0	0	0.00	0	NA
Orang_JingJing_Zeb2_neg_R1	7578199	HY5:scRNA:scRNA	20	0	0	0.00	0	NA
Orang_JingJing_Zeb2_neg_R1	7578199	Helitron1Na_Mam:Helitron:RC	276	0	0	0.00	0	NA
Orang_JingJing_Zeb2_neg_R1	7578199	Helitron1Nb_Mam:Helitron:RC	329	0	0	0.00	0	NA
Orang_JingJing_Zeb2_neg_R1	7578199	Helitron2Na_Mam:Helitron?:RC	371	0	0	0.00	0	NA
Orang_JingJing_Zeb2_neg_R1	7578199	Helitron3Na_Mam:Helitron:RC	958	0	0	0.00	0	NA
Orang_JingJing_Zeb2_neg_R1	7578199	Kanga1d:Tc2:DNA	401	0	0	0.00	0	NA
Orang_JingJing_Zeb2_neg_R1	7578199	L1HS:L1:LINE	125	0	0	0.00	0	NA
Orang_JingJing_Zeb2_neg_R1	7578199	L1M2a1:L1:LINE	120	0	0	0.00	0	NA
Orang_JingJing_Zeb2_neg_R1	7578199	L1M2b:L1:LINE	236	0	0	0.00	0	NA
Orang_JingJing_Zeb2_neg_R1	7578199	L1M2c:L1:LINE	409	0	0	0.00	0	NA
Orang_JingJing_Zeb2_neg_R1	7578199	L1P3b:L1:LINE	99	0	0	0.00	0	NA
Orang_JingJing_Zeb2_neg_R1	7578199	L1P4b:L1:LINE	129	0	0	0.00	0	NA
Orang_JingJing_Zeb2_neg_R1	7578199	L1P4c:L1:LINE	61	0	0	0.00	0	NA
Orang_JingJing_Zeb2_neg_R1	7578199	L1P4d:L1:LINE	169	0	0	0.00	0	NA
Orang_JingJing_Zeb2_neg_R1	7578199	L1P4e:L1:LINE	177	0	0	0.00	0	NA
Orang_JingJing_Zeb2_neg_R1	7578199	L1P:L1:LINE	187	0	0	0.00	0	NA
Orang_JingJing_Zeb2_neg_R1	7578199	L1PA2:L1:LINE	1167	0	0	0.00	0	NA
Orang_JingJing_Zeb2_neg_R1	7578199	L1PBb:L1:LINE	263	0	0	0.00	0	NA
Orang_JingJing_Zeb2_neg_R1	7578199	LOR1b:ERV1:LTR	948	8.71403740508	0	6.21	24	25.86
Orang_JingJing_Zeb2_neg_R1	7578199	LSU-rRNA_Hsa:rRNA:rRNA	350	0	0	0.00	0	NA
Orang_JingJing_Zeb2_neg_R1	7578199	LTR10B:ERV1:LTR	71	0	0	0.00	0	NA
Orang_JingJing_Zeb2_neg_R1	7578199	LTR11:ERV:LTR	11	0	0	0.00	0	NA
Orang_JingJing_Zeb2_neg_R1	7578199	LTR12B:ERV1:LTR	132	0	0	0.00	0	NA
Orang_JingJing_Zeb2_neg_R1	7578199	LTR12E:ERV1:LTR	113	0	0	0.00	0	NA
Orang_JingJing_Zeb2_neg_R1	7578199	LTR14B:ERVK:LTR	319	0	0	0.00	0	NA
Orang_JingJing_Zeb2_neg_R1	7578199	LTR14C:ERVK:LTR	77	0	0	0.00	0	NA
Orang_JingJing_Zeb2_neg_R1	7578199	LTR16D2:ERVL:LTR	246	0	0	0.00	0	NA
Orang_JingJing_Zeb2_neg_R1	7578199	LTR18A:ERVL:LTR	237	0	0	0.00	0	NA
Orang_JingJing_Zeb2_neg_R1	7578199	LTR22:ERVK:LTR	56	0	0	0.00	0	NA
Orang_JingJing_Zeb2_neg_R1	7578199	LTR22B:ERVK:LTR	168	0	0	0.00	0	NA
Orang_JingJing_Zeb2_neg_R1	7578199	LTR23-int:ERV1:LTR	229	0	0	0.00	0	NA
Orang_JingJing_Zeb2_neg_R1	7578199	LTR25-int:ERV1:LTR	342	0	0	0.00	0	NA
Orang_JingJing_Zeb2_neg_R1	7578199	LTR26B:ERV1:LTR	400	0	0	0.00	0	NA
Orang_JingJing_Zeb2_neg_R1	7578199	LTR30:ERV1:LTR	127	0	0	0.00	0	NA
Orang_JingJing_Zeb2_neg_R1	7578199	LTR38-int:ERV1:LTR	117	0	0	0.00	0	NA
Orang_JingJing_Zeb2_neg_R1	7578199	LTR38B:ERV1:LTR	194	0	0	0.00	0	NA
Orang_JingJing_Zeb2_neg_R1	7578199	LTR38C:ERV1:LTR	127	0	0	0.00	0	NA
Orang_JingJing_Zeb2_neg_R1	7578199	LTR3B:ERVK:LTR	61	0	0	0.00	0	NA
Orang_JingJing_Zeb2_neg_R1	7578199	LTR43B:ERV1:LTR	185	0	0	0.00	0	NA
Orang_JingJing_Zeb2_neg_R1	7578199	LTR44:ERV1:LTR	169	0	0	0.00	0	NA
Orang_JingJing_Zeb2_neg_R1	7578199	LTR45:ERV1:LTR	152	0	0	0.00	0	NA
Orang_JingJing_Zeb2_neg_R1	7578199	LTR45C:ERV1:LTR	375	0	0	0.00	0	NA
Orang_JingJing_Zeb2_neg_R1	7578199	LTR46-int:ERV1:LTR	78	0	0	0.00	0	NA
Orang_JingJing_Zeb2_neg_R1	7578199	LTR55:ERV:LTR	369	0	0	0.00	0	NA
Orang_JingJing_Zeb2_neg_R1	7578199	LTR58:ERV1:LTR	78	0	0	0.00	0	NA
Orang_JingJing_Zeb2_neg_R1	7578199	LTR59:ERV1:LTR	122	0	0	0.00	0	NA
Orang_JingJing_Zeb2_neg_R1	7578199	LTR5:ERVK:LTR	27	0.940745747317	0	1.56	9	17.38
Orang_JingJing_Zeb2_neg_R1	7578199	LTR60:ERV1:LTR	229	0	0	0.00	0	NA
Orang_JingJing_Zeb2_neg_R1	7578199	LTR65:ERV1:LTR	395	0	0	0.00	0	NA
Orang_JingJing_Zeb2_neg_R1	7578199	LTR68:ERV1:LTR	325	0	0	0.00	0	NA
Orang_JingJing_Zeb2_neg_R1	7578199	LTR69:ERVL:LTR	126	0	0	0.00	0	NA
Orang_JingJing_Zeb2_neg_R1	7578199	LTR70:ERV1:LTR	148	0	0	0.00	0	NA
Orang_JingJing_Zeb2_neg_R1	7578199	LTR75_1:ERV1:LTR	128	0	0	0.00	0	NA
Orang_JingJing_Zeb2_neg_R1	7578199	LTR77:ERV1:LTR	116	0	0	0.00	0	NA
Orang_JingJing_Zeb2_neg_R1	7578199	LTR7A:ERV1:LTR	28	0	0	0.00	0	NA
Orang_JingJing_Zeb2_neg_R1	7578199	LTR81A:ERV1?:LTR	885	0	0	0.00	0	NA
Orang_JingJing_Zeb2_neg_R1	7578199	LTR81B:ERV1?:LTR	1051	11.1146603237	0	7.16	18	39.77
Orang_JingJing_Zeb2_neg_R1	7578199	LTR81C:ERV1?:LTR	684	0	0	0.00	0	NA
Orang_JingJing_Zeb2_neg_R1	7578199	LTR86A2:ERVL:LTR	256	0	0	0.00	0	NA
Orang_JingJing_Zeb2_neg_R1	7578199	LTR86B1:ERVL:LTR	278	0	0	0.00	0	NA
Orang_JingJing_Zeb2_neg_R1	7578199	LTR86B2:ERVL:LTR	236	0	0	0.00	0	NA
Orang_JingJing_Zeb2_neg_R1	7578199	LTR86C:ERVL:LTR	253	0	0	0.00	9	0.00
Orang_JingJing_Zeb2_neg_R1	7578199	LTR88a:Gypsy:LTR	826	0	0	0.00	0	NA
Orang_JingJing_Zeb2_neg_R1	7578199	LTR88c:Genie?:LTR	1091	0	0	0.00	0	NA
Orang_JingJing_Zeb2_neg_R1	7578199	LTR9B:ERV1:LTR	633	27.8576890249	0	19.00	19	100.00
Orang_JingJing_Zeb2_neg_R1	7578199	MER101B:ERV1:LTR	247	0	0	0.00	0	NA
Orang_JingJing_Zeb2_neg_R1	7578199	MER106A:MER1_type:DNA	634	0	0	0.00	0	NA
Orang_JingJing_Zeb2_neg_R1	7578199	MER106B:MER1_type:DNA	725	0	0	0.00	0	NA
Orang_JingJing_Zeb2_neg_R1	7578199	MER107:DNA:DNA	269	0	0	0.00	0	NA
Orang_JingJing_Zeb2_neg_R1	7578199	MER110:ERV1:LTR	639	0	0	0.00	0	NA
Orang_JingJing_Zeb2_neg_R1	7578199	MER34-int:ERV1:LTR	331	0	0	0.00	0	NA
Orang_JingJing_Zeb2_neg_R1	7578199	MER34C:ERV1:LTR	150	0	0	0.00	0	NA
Orang_JingJing_Zeb2_neg_R1	7578199	MER41G:ERV1:LTR	101	0	0	0.00	0	NA
Orang_JingJing_Zeb2_neg_R1	7578199	MER44D:MER2_type:DNA	556	0	0	0.00	0	NA
Orang_JingJing_Zeb2_neg_R1	7578199	MER52-int:ERV1:LTR	425	0	0	0.00	0	NA
Orang_JingJing_Zeb2_neg_R1	7578199	MER57C2:ERV1:LTR	393	0	0	0.00	0	NA
Orang_JingJing_Zeb2_neg_R1	7578199	MER57E2:ERV1:LTR	154	0	0	0.00	0	NA
Orang_JingJing_Zeb2_neg_R1	7578199	MER61F:ERV1:LTR	125	0	0	0.00	0	NA
Orang_JingJing_Zeb2_neg_R1	7578199	MER65B:ERV1:LTR	203	0	0	0.00	0	NA
Orang_JingJing_Zeb2_neg_R1	7578199	MER66-int:ERV1:LTR	615	0	0	0.00	0	NA
Orang_JingJing_Zeb2_neg_R1	7578199	MER67D:ERV1:LTR	915	0	0	0.00	0	NA
Orang_JingJing_Zeb2_neg_R1	7578199	MER70A:ERVL:LTR	454	0	0	0.00	0	NA
Orang_JingJing_Zeb2_neg_R1	7578199	MER70B:ERVL:LTR	459	0	0	0.00	0	NA
Orang_JingJing_Zeb2_neg_R1	7578199	MER73:ERVL:LTR	241	0	0	0.00	0	NA
Orang_JingJing_Zeb2_neg_R1	7578199	MER74C:ERVL:LTR	227	0	0	0.00	0	NA
Orang_JingJing_Zeb2_neg_R1	7578199	MER75A:PiggyBac:DNA	82	0	0	0.00	0	NA
Orang_JingJing_Zeb2_neg_R1	7578199	MER75B:PiggyBac:DNA	87	0	0	0.00	0	NA
Orang_JingJing_Zeb2_neg_R1	7578199	MER76-int:ERVL:LTR	132	0	0	0.00	0	NA
Orang_JingJing_Zeb2_neg_R1	7578199	MER83A-int:ERV1:LTR	79	0	0	0.00	0	NA
Orang_JingJing_Zeb2_neg_R1	7578199	MER83B-int:ERV1:LTR	267	0	0	0.00	0	NA
Orang_JingJing_Zeb2_neg_R1	7578199	MER83B:ERV1:LTR	120	0	0	0.00	0	NA
Orang_JingJing_Zeb2_neg_R1	7578199	MER83C:ERV1:LTR	128	0	0	0.00	0	NA
Orang_JingJing_Zeb2_neg_R1	7578199	MER84-int:ERV1:LTR	107	0	0	0.00	0	NA
Orang_JingJing_Zeb2_neg_R1	7578199	MER84:ERV1:LTR	301	0	0	0.00	0	NA
Orang_JingJing_Zeb2_neg_R1	7578199	MER88:ERVL:LTR	102	0	0	0.00	0	NA
Orang_JingJing_Zeb2_neg_R1	7578199	MER89-int:ERV1:LTR	543	1.37455702426	0	1.00	2	50.00
Orang_JingJing_Zeb2_neg_R1	7578199	MER92A:ERV1:LTR	144	0	0	0.00	0	NA
Orang_JingJing_Zeb2_neg_R1	7578199	MER92C:ERV1:LTR	273	0	0	0.00	0	NA
Orang_JingJing_Zeb2_neg_R1	7578199	MER95:ERV:LTR	162	0	0	0.00	0	NA
Orang_JingJing_Zeb2_neg_R1	7578199	MER97b:MER1_type?:DNA	173	0	0	0.00	0	NA
Orang_JingJing_Zeb2_neg_R1	7578199	MER9B:ERVK:LTR	58	0	0	0.00	0	NA
Orang_JingJing_Zeb2_neg_R1	7578199	MLT1-int:MaLR:LTR	226	0	0	0.00	0	NA
Orang_JingJing_Zeb2_neg_R1	7578199	MLT1D-int:MaLR:LTR	527	0	0	0.00	0	NA
Orang_JingJing_Zeb2_neg_R1	7578199	MLT1E-int:MaLR:LTR	15	0	0	0.00	0	NA
Orang_JingJing_Zeb2_neg_R1	7578199	MLT1E1-int:MaLR:LTR	28	0	0	0.00	0	NA
Orang_JingJing_Zeb2_neg_R1	7578199	MLT1E1A-int:MaLR:LTR	65	0	0	0.00	0	NA
Orang_JingJing_Zeb2_neg_R1	7578199	MLT1E3-int:MaLR:LTR	73	0	0	0.00	0	NA
Orang_JingJing_Zeb2_neg_R1	7578199	MLT1F1-int:MaLR:LTR	139	0	0	0.00	0	NA
Orang_JingJing_Zeb2_neg_R1	7578199	MLT1G-int:MaLR:LTR	144	0	0	0.00	0	NA
Orang_JingJing_Zeb2_neg_R1	7578199	MLT1G1-int:MaLR:LTR	267	0	0	0.00	0	NA
Orang_JingJing_Zeb2_neg_R1	7578199	MLT1G3-int:MaLR:LTR	211	0	0	0.00	0	NA
Orang_JingJing_Zeb2_neg_R1	7578199	MLT1H2-int:MaLR:LTR	305	0	0	0.00	0	NA
Orang_JingJing_Zeb2_neg_R1	7578199	MLT1J2-int:MaLR:LTR	522	4.6408311413	0	3.50	7	50.00
Orang_JingJing_Zeb2_neg_R1	7578199	MLT1K-int:MaLR:LTR	153	0	0	0.00	0	NA
Orang_JingJing_Zeb2_neg_R1	7578199	MLT1M-int:MaLR:LTR	3	0	0	0.00	0	NA
Orang_JingJing_Zeb2_neg_R1	7578199	MLT1N2-int:MaLR:LTR	70	0	0	0.00	0	NA
Orang_JingJing_Zeb2_neg_R1	7578199	MLT2E:ERVL:LTR	351	0	0	0.00	0	NA
Orang_JingJing_Zeb2_neg_R1	7578199	MSTB1-int:MaLR:LTR	183	0	0	0.00	0	NA
Orang_JingJing_Zeb2_neg_R1	7578199	MamGypLTR1d:Gypsy:LTR	672	0	0	0.00	0	NA
Orang_JingJing_Zeb2_neg_R1	7578199	MamGypLTR2:Gypsy:LTR	399	0	0	0.00	0	NA
Orang_JingJing_Zeb2_neg_R1	7578199	ORSL-2a:Tip100:DNA	288	0	0	0.00	0	NA
Orang_JingJing_Zeb2_neg_R1	7578199	PABL_A-int:ERV1:LTR	385	1.49586628639	0	2.00	3	66.67
Orang_JingJing_Zeb2_neg_R1	7578199	PABL_A:ERV1:LTR	468	0	0	0.00	0	NA
Orang_JingJing_Zeb2_neg_R1	7578199	PABL_B-int:ERV1:LTR	213	0	0	0.00	0	NA
Orang_JingJing_Zeb2_neg_R1	7578199	PRIMA4-int:ERV1:LTR	575	0	0	0.00	0	NA
Orang_JingJing_Zeb2_neg_R1	7578199	PRIMA4_LTR:ERV1:LTR	322	0	0	0.00	0	NA
Orang_JingJing_Zeb2_neg_R1	7578199	PRIMAX-int:ERV1:LTR	312	0	0	0.00	0	NA
Orang_JingJing_Zeb2_neg_R1	7578199	Ricksha:MuDR:DNA	263	0	0	0.00	0	NA
Orang_JingJing_Zeb2_neg_R1	7578199	Ricksha_a:MuDR:DNA	35	0	0	0.00	0	NA
Orang_JingJing_Zeb2_neg_R1	7578199	SSU-rRNA_Hsa:rRNA:rRNA	54	0	0	0.00	0	NA
Orang_JingJing_Zeb2_neg_R1	7578199	Tigger16a:Tigger:DNA	584	0	0	0.00	0	NA
Orang_JingJing_Zeb2_neg_R1	7578199	Tigger2f:MER2_type:DNA	7	0	0	0.00	0	NA
Orang_JingJing_Zeb2_neg_R1	7578199	U13:snRNA:snRNA	150	0	0	0.00	0	NA
Orang_JingJing_Zeb2_neg_R1	7578199	U13_:snRNA:snRNA	262	0	0	0.00	0	NA
Orang_JingJing_Zeb2_neg_R1	7578199	U14:snRNA:snRNA	8	0	0	0.00	0	NA
Orang_JingJing_Zeb2_neg_R1	7578199	U17:snRNA:snRNA	8	0	0	0.00	0	NA
Orang_JingJing_Zeb2_neg_R1	7578199	U1:snRNA:snRNA	157	0	0	0.00	0	NA
Orang_JingJing_Zeb2_neg_R1	7578199	U2:snRNA:snRNA	904	0	0	0.00	0	NA
Orang_JingJing_Zeb2_neg_R1	7578199	U3:snRNA:snRNA	205	0	0	0.00	0	NA
Orang_JingJing_Zeb2_neg_R1	7578199	U4:snRNA:snRNA	146	0	0	0.00	0	NA
Orang_JingJing_Zeb2_neg_R1	7578199	U5:snRNA:snRNA	165	0	0	0.00	0	NA
Orang_JingJing_Zeb2_neg_R1	7578199	U6:snRNA:snRNA	1424	0	0	0.00	0	NA
Orang_JingJing_Zeb2_neg_R1	7578199	U7:snRNA:snRNA	215	0	0	0.00	0	NA
Orang_JingJing_Zeb2_neg_R1	7578199	U8:snRNA:snRNA	26	0	0	0.00	0	NA
Orang_JingJing_Zeb2_neg_R1	7578199	tRNA-Ala-GCA:tRNA:tRNA	11	0	0	0.00	0	NA
Orang_JingJing_Zeb2_neg_R1	7578199	tRNA-Ala-GCG:tRNA:tRNA	8	0	0	0.00	0	NA
Orang_JingJing_Zeb2_neg_R1	7578199	tRNA-Ala-GCY:tRNA:tRNA	13	0	0	0.00	0	NA
Orang_JingJing_Zeb2_neg_R1	7578199	tRNA-Ala-GCY_:tRNA:tRNA	19	0	0	0.00	0	NA
Orang_JingJing_Zeb2_neg_R1	7578199	tRNA-Arg-AGA:tRNA:tRNA	36	0	0	0.00	0	NA
Orang_JingJing_Zeb2_neg_R1	7578199	tRNA-Arg-AGG:tRNA:tRNA	14	0	0	0.00	0	NA
Orang_JingJing_Zeb2_neg_R1	7578199	tRNA-Arg-CGA:tRNA:tRNA	7	0	0	0.00	0	NA
Orang_JingJing_Zeb2_neg_R1	7578199	tRNA-Arg-CGA_:tRNA:tRNA	4	0	0	0.00	0	NA
Orang_JingJing_Zeb2_neg_R1	7578199	tRNA-Arg-CGG:tRNA:tRNA	6	0	0	0.00	0	NA
Orang_JingJing_Zeb2_neg_R1	7578199	tRNA-Arg-CGY_:tRNA:tRNA	26	0	0	0.00	0	NA
Orang_JingJing_Zeb2_neg_R1	7578199	tRNA-Asn-AAC:tRNA:tRNA	38	0	0	0.00	0	NA
Orang_JingJing_Zeb2_neg_R1	7578199	tRNA-Asp-GAY:tRNA:tRNA	32	0	0	0.00	0	NA
Orang_JingJing_Zeb2_neg_R1	7578199	tRNA-Cys-TGY:tRNA:tRNA	124	0	0	0.00	0	NA
Orang_JingJing_Zeb2_neg_R1	7578199	tRNA-Gln-CAA:tRNA:tRNA	21	0	0	0.00	0	NA
Orang_JingJing_Zeb2_neg_R1	7578199	tRNA-Gln-CAA_:tRNA:tRNA	24	0	0	0.00	0	NA
Orang_JingJing_Zeb2_neg_R1	7578199	tRNA-Gln-CAG:tRNA:tRNA	61	0	0	0.00	0	NA
Orang_JingJing_Zeb2_neg_R1	7578199	tRNA-Glu-GAA:tRNA:tRNA	86	0	0	0.00	0	NA
Orang_JingJing_Zeb2_neg_R1	7578199	tRNA-Glu-GAG:tRNA:tRNA	19	0	0	0.00	0	NA
Orang_JingJing_Zeb2_neg_R1	7578199	tRNA-Glu-GAG_:tRNA:tRNA	81	0	0	0.00	0	NA
Orang_JingJing_Zeb2_neg_R1	7578199	tRNA-Gly-GGA:tRNA:tRNA	97	0	0	0.00	0	NA
Orang_JingJing_Zeb2_neg_R1	7578199	tRNA-Gly-GGG:tRNA:tRNA	20	0	0	0.00	0	NA
Orang_JingJing_Zeb2_neg_R1	7578199	tRNA-Gly-GGY:tRNA:tRNA	33	0	0	0.00	0	NA
Orang_JingJing_Zeb2_neg_R1	7578199	tRNA-His-CAY:tRNA:tRNA	1	0	0	0.00	0	NA
Orang_JingJing_Zeb2_neg_R1	7578199	tRNA-His-CAY_:tRNA:tRNA	33	0	0	0.00	0	NA
Orang_JingJing_Zeb2_neg_R1	7578199	tRNA-Ile-ATA:tRNA:tRNA	67	0	0	0.00	0	NA
Orang_JingJing_Zeb2_neg_R1	7578199	tRNA-Ile-ATC:tRNA:tRNA	10	0	0	0.00	0	NA
Orang_JingJing_Zeb2_neg_R1	7578199	tRNA-Ile-ATT:tRNA:tRNA	43	0	0	0.00	0	NA
Orang_JingJing_Zeb2_neg_R1	7578199	tRNA-Leu-CTA:tRNA:tRNA	2	0	0	0.00	0	NA
Orang_JingJing_Zeb2_neg_R1	7578199	tRNA-Leu-CTA_:tRNA:tRNA	1	0	0	0.00	0	NA
Orang_JingJing_Zeb2_neg_R1	7578199	tRNA-Leu-CTG:tRNA:tRNA	10	0	0	0.00	0	NA
Orang_JingJing_Zeb2_neg_R1	7578199	tRNA-Leu-CTY:tRNA:tRNA	19	0	0	0.00	0	NA
Orang_JingJing_Zeb2_neg_R1	7578199	tRNA-Leu-TTA(m):tRNA:tRNA	19	0	0	0.00	0	NA
Orang_JingJing_Zeb2_neg_R1	7578199	tRNA-Leu-TTA:tRNA:tRNA	10	0	0	0.00	0	NA
Orang_JingJing_Zeb2_neg_R1	7578199	tRNA-Leu-TTG:tRNA:tRNA	19	0	0	0.00	0	NA
Orang_JingJing_Zeb2_neg_R1	7578199	tRNA-Lys-AAA:tRNA:tRNA	30	0	0	0.00	0	NA
Orang_JingJing_Zeb2_neg_R1	7578199	tRNA-Lys-AAG:tRNA:tRNA	58	0	0	0.00	0	NA
Orang_JingJing_Zeb2_neg_R1	7578199	tRNA-Met-i:tRNA:tRNA	33	0	0	0.00	0	NA
Orang_JingJing_Zeb2_neg_R1	7578199	tRNA-Met:tRNA:tRNA	32	0	0	0.00	0	NA
Orang_JingJing_Zeb2_neg_R1	7578199	tRNA-Met_:tRNA:tRNA	38	0	0	0.00	0	NA
Orang_JingJing_Zeb2_neg_R1	7578199	tRNA-Phe-TTY:tRNA:tRNA	40	0	0	0.00	0	NA
Orang_JingJing_Zeb2_neg_R1	7578199	tRNA-Pro-CCA:tRNA:tRNA	3	0	0	0.00	0	NA
Orang_JingJing_Zeb2_neg_R1	7578199	tRNA-Pro-CCG:tRNA:tRNA	3	0	0	0.00	0	NA
Orang_JingJing_Zeb2_neg_R1	7578199	tRNA-Pro-CCY:tRNA:tRNA	12	0	0	0.00	0	NA
Orang_JingJing_Zeb2_neg_R1	7578199	tRNA-SeC(e)-TGA:tRNA:tRNA	4	0	0	0.00	0	NA
Orang_JingJing_Zeb2_neg_R1	7578199	tRNA-Ser-AGY:tRNA:tRNA	11	0	0	0.00	0	NA
Orang_JingJing_Zeb2_neg_R1	7578199	tRNA-Ser-TCA(m):tRNA:tRNA	22	0	0	0.00	0	NA
Orang_JingJing_Zeb2_neg_R1	7578199	tRNA-Ser-TCA:tRNA:tRNA	1	0	0	0.00	0	NA
Orang_JingJing_Zeb2_neg_R1	7578199	tRNA-Ser-TCA_:tRNA:tRNA	4	0	0	0.00	0	NA
Orang_JingJing_Zeb2_neg_R1	7578199	tRNA-Ser-TCG:tRNA:tRNA	10	0	0	0.00	0	NA
Orang_JingJing_Zeb2_neg_R1	7578199	tRNA-Ser-TCY:tRNA:tRNA	16	0	0	0.00	0	NA
Orang_JingJing_Zeb2_neg_R1	7578199	tRNA-Thr-ACA:tRNA:tRNA	26	0	0	0.00	0	NA
Orang_JingJing_Zeb2_neg_R1	7578199	tRNA-Thr-ACG:tRNA:tRNA	2	0	0	0.00	0	NA
Orang_JingJing_Zeb2_neg_R1	7578199	tRNA-Thr-ACG_:tRNA:tRNA	8	0	0	0.00	0	NA
Orang_JingJing_Zeb2_neg_R1	7578199	tRNA-Thr-ACY:tRNA:tRNA	11	0	0	0.00	0	NA
Orang_JingJing_Zeb2_neg_R1	7578199	tRNA-Thr-ACY_:tRNA:tRNA	11	0	0	0.00	0	NA
Orang_JingJing_Zeb2_neg_R1	7578199	tRNA-Trp-TGG:tRNA:tRNA	13	0	0	0.00	0	NA
Orang_JingJing_Zeb2_neg_R1	7578199	tRNA-Tyr-TAC:tRNA:tRNA	30	0	0	0.00	0	NA
Orang_JingJing_Zeb2_neg_R1	7578199	tRNA-Tyr-TAT:tRNA:tRNA	5	0	0	0.00	0	NA
Orang_JingJing_Zeb2_neg_R1	7578199	tRNA-Val-GTA:tRNA:tRNA	9	0	0	0.00	0	NA
Orang_JingJing_Zeb2_neg_R1	7578199	tRNA-Val-GTG:tRNA:tRNA	26	0	0	0.00	0	NA
Orang_JingJing_Zeb2_neg_R1	7578199	tRNA-Val-GTY:tRNA:tRNA	26	0	0	0.00	0	NA
