Sample	aligned_libsize	Subfamily:Family:Class	copies	fpkm	uniq_counts	tot_counts	tot_reads	score
Orang_Guchi_Zeb2_neg_R1	6034682	AluSx:Alu:SINE	281507	83925.6426452	88997	93429.55	96073	97.25
Orang_Guchi_Zeb2_neg_R1	6034682	AluJo:Alu:SINE	121690	28276.3676463	30434	31144.52	31576	98.63
Orang_Guchi_Zeb2_neg_R1	6034682	AluJb:Alu:SINE	111580	26255.3176907	27879	28576.13	28987	98.58
Orang_Guchi_Zeb2_neg_R1	6034682	L2a:L2:LINE	144260	26147.0203549	25452	26117.78	26314	99.25
Orang_Guchi_Zeb2_neg_R1	6034682	MIRb:MIR:SINE	196368	28140.9359301	24938	25419.30	25661	99.06
Orang_Guchi_Zeb2_neg_R1	6034682	AluY:Alu:SINE	113204	32970.0878985	24604	29492.68	30469	96.80
Orang_Guchi_Zeb2_neg_R1	6034682	AluSq:Alu:SINE	81382	23864.7394316	24512	26037.34	27610	94.30
Orang_Guchi_Zeb2_neg_R1	6034682	MIR:MIR:SINE	170477	23479.9485105	23471	23764.22	23912	99.38
Orang_Guchi_Zeb2_neg_R1	6034682	AluSg:Alu:SINE	68468	20410.4206643	21592	23037.13	24119	95.51
Orang_Guchi_Zeb2_neg_R1	6034682	L2c:L2:LINE	121343	22017.8456722	21462	21848.08	22013	99.25
Orang_Guchi_Zeb2_neg_R1	6034682	L2b:L2:LINE	82520	15230.7395215	13942	14232.11	14347	99.20
Orang_Guchi_Zeb2_neg_R1	6034682	AluSp:Alu:SINE	43984	14351.5286925	13685	14814.58	15446	95.91
Orang_Guchi_Zeb2_neg_R1	6034682	MIRc:MIR:SINE	87420	13060.9408532	11964	12193.07	12273	99.35
Orang_Guchi_Zeb2_neg_R1	6034682	L2:L2:LINE	51848	11985.3865009	11329	11647.14	11789	98.80
Orang_Guchi_Zeb2_neg_R1	6034682	AluSc:Alu:SINE	43869	11594.7838758	10227	11121.72	11792	94.32
Orang_Guchi_Zeb2_neg_R1	6034682	MIR3:MIR:SINE	59611	9600.53307997	8642	8758.06	8862	98.83
Orang_Guchi_Zeb2_neg_R1	6034682	L3:CR1:LINE	40370	6780.92706676	6932	7063.43	7106	99.40
Orang_Guchi_Zeb2_neg_R1	6034682	L1M5:L1:LINE	56458	5253.25024273	6418	6625.15	6736	98.35
Orang_Guchi_Zeb2_neg_R1	6034682	FLAM_C:Alu:SINE	31107	6325.74011387	6372	6472.00	6507	99.46
Orang_Guchi_Zeb2_neg_R1	6034682	L1PA3:L1:LINE	24673	9740.05587849	5277	12457.89	15720	79.25
Orang_Guchi_Zeb2_neg_R1	6034682	L1ME4a:L1:LINE	36386	3895.87355687	4867	4939.55	4997	98.85
Orang_Guchi_Zeb2_neg_R1	6034682	AluSg/x:Alu:SINE	32560	4845.9602733	4557	4797.09	5004	95.87
Orang_Guchi_Zeb2_neg_R1	6034682	L1MC4:L1:LINE	25130	3320.75614077	4010	4128.36	4164	99.14
Orang_Guchi_Zeb2_neg_R1	6034682	MER5A:MER1_type:DNA	30263	3958.67657351	3917	3956.63	3981	99.39
Orang_Guchi_Zeb2_neg_R1	6034682	FRAM:Alu:SINE	19413	3877.71723823	3826	3880.85	3946	98.35
Orang_Guchi_Zeb2_neg_R1	6034682	L1ME1:L1:LINE	26786	3244.44239971	3641	3822.03	3900	98.00
Orang_Guchi_Zeb2_neg_R1	6034682	L1PA7:L1:LINE	11577	4913.0154173	3609	4684.20	5330	87.88
Orang_Guchi_Zeb2_neg_R1	6034682	L1MC4a:L1:LINE	24144	2617.91816508	3414	3521.06	3556	99.02
Orang_Guchi_Zeb2_neg_R1	6034682	Tigger1:MER2_type:DNA	11069	2030.02198848	3350	3438.11	3461	99.34
Orang_Guchi_Zeb2_neg_R1	6034682	L1ME3B:L1:LINE	23835	2630.65211096	3344	3455.31	3510	98.44
Orang_Guchi_Zeb2_neg_R1	6034682	L1PA5:L1:LINE	10261	4982.12272746	3331	5592.90	7767	72.01
Orang_Guchi_Zeb2_neg_R1	6034682	L1PA4:L1:LINE	10764	5634.42165663	3319	6425.51	9515	67.53
Orang_Guchi_Zeb2_neg_R1	6034682	HAL1:L1:LINE	23193	2893.39580155	3180	3255.44	3271	99.52
Orang_Guchi_Zeb2_neg_R1	6034682	L1MB7:L1:LINE	19631	2543.131487	3168	3264.05	3360	97.14
Orang_Guchi_Zeb2_neg_R1	6034682	L1MC5:L1:LINE	17558	2351.6813212	2862	2905.28	2935	98.99
Orang_Guchi_Zeb2_neg_R1	6034682	MER20:MER1_type:DNA	14365	2734.66642069	2844	2885.64	2909	99.20
Orang_Guchi_Zeb2_neg_R1	6034682	THE1B:MaLR:LTR	20021	2658.30896252	2768	2866.37	2953	97.07
Orang_Guchi_Zeb2_neg_R1	6034682	MLT1D:MaLR:LTR	17959	2605.76674781	2765	2829.94	2867	98.71
Orang_Guchi_Zeb2_neg_R1	6034682	MLT1C:MaLR:LTR	17357	2745.20680987	2741	2797.93	2849	98.21
Orang_Guchi_Zeb2_neg_R1	6034682	MER5B:MER1_type:DNA	21303	2666.68704463	2730	2747.11	2755	99.71
Orang_Guchi_Zeb2_neg_R1	6034682	L1MA3:L1:LINE	7959	2428.35256781	2600	2691.96	2766	97.32
Orang_Guchi_Zeb2_neg_R1	6034682	MLT1K:MaLR:LTR	16229	2736.33869381	2549	2598.43	2636	98.57
Orang_Guchi_Zeb2_neg_R1	6034682	L1P1:L1:LINE	12720	4906.24081764	2548	5523.78	8764	63.03
Orang_Guchi_Zeb2_neg_R1	6034682	L1MB3:L1:LINE	14597	2339.99820214	2510	2593.59	2642	98.17
Orang_Guchi_Zeb2_neg_R1	6034682	MIRm:MIR:SINE	24890	2824.00026517	2474	2529.41	2548	99.27
Orang_Guchi_Zeb2_neg_R1	6034682	L1PB1:L1:LINE	11362	2672.87466526	2432	2662.85	2727	97.65
Orang_Guchi_Zeb2_neg_R1	6034682	MLT1B:MaLR:LTR	15775	2106.76340645	2385	2422.01	2441	99.22
Orang_Guchi_Zeb2_neg_R1	6034682	MLT1J:MaLR:LTR	13432	2191.87556534	2345	2381.46	2409	98.86
Orang_Guchi_Zeb2_neg_R1	6034682	FLAM_A:Alu:SINE	15574	2336.95959672	2344	2378.78	2401	99.07
Orang_Guchi_Zeb2_neg_R1	6034682	L1PA6:L1:LINE	5586	2861.25148438	2323	3242.45	4421	73.34
Orang_Guchi_Zeb2_neg_R1	6034682	L1M4:L1:LINE	17042	1842.14401375	2248	2371.78	2474	95.87
Orang_Guchi_Zeb2_neg_R1	6034682	MSTA:MaLR:LTR	16852	2462.47219526	2214	2288.39	2339	97.84
Orang_Guchi_Zeb2_neg_R1	6034682	L1PA16:L1:LINE	12116	2413.59542933	2205	2294.65	2352	97.56
Orang_Guchi_Zeb2_neg_R1	6034682	L1MB8:L1:LINE	14030	1969.60932587	2191	2254.85	2302	97.95
Orang_Guchi_Zeb2_neg_R1	6034682	L1ME3A:L1:LINE	16030	2041.88106752	2159	2196.82	2221	98.91
Orang_Guchi_Zeb2_neg_R1	6034682	L1PA15:L1:LINE	7206	1892.76929451	2073	2168.96	2209	98.19
Orang_Guchi_Zeb2_neg_R1	6034682	AluSg1:Alu:SINE	5531	1934.17585349	2067	2207.65	2295	96.19
Orang_Guchi_Zeb2_neg_R1	6034682	MLT1A0:MaLR:LTR	18077	2181.16365262	2053	2071.84	2090	99.13
Orang_Guchi_Zeb2_neg_R1	6034682	L1MEc:L1:LINE	16570	1980.83618483	1974	2039.42	2093	97.44
Orang_Guchi_Zeb2_neg_R1	6034682	L1MA9:L1:LINE	14487	1314.75124284	1908	1983.44	2015	98.43
Orang_Guchi_Zeb2_neg_R1	6034682	L1MC1:L1:LINE	11484	1946.49085576	1884	1928.56	1960	98.40
Orang_Guchi_Zeb2_neg_R1	6034682	HERVH-int:ERV1:LTR	3112	2318.85870812	1820	2580.67	2562	100.73
Orang_Guchi_Zeb2_neg_R1	6034682	L1PA13:L1:LINE	8038	1551.58739358	1665	1760.93	1779	98.98
Orang_Guchi_Zeb2_neg_R1	6034682	L1ME2:L1:LINE	11121	1339.54238103	1659	1673.57	1695	98.74
Orang_Guchi_Zeb2_neg_R1	6034682	FAM:Alu:SINE	4787	1439.18439857	1657	1682.86	1695	99.28
Orang_Guchi_Zeb2_neg_R1	6034682	L4:RTE:LINE	14700	1935.37307558	1639	1680.29	1686	99.66
Orang_Guchi_Zeb2_neg_R1	6034682	MLT-int:MaLR:LTR	2832	1222.70334849	1584	1707.72	1749	97.64
Orang_Guchi_Zeb2_neg_R1	6034682	THE1D:MaLR:LTR	11399	1778.23055729	1555	1619.44	1675	96.68
Orang_Guchi_Zeb2_neg_R1	6034682	L1MEf:L1:LINE	12375	1465.77021412	1529	1611.13	1658	97.17
Orang_Guchi_Zeb2_neg_R1	6034682	L1PA10:L1:LINE	6527	1937.72827966	1500	1673.87	1824	91.77
Orang_Guchi_Zeb2_neg_R1	6034682	L1MEg:L1:LINE	15830	1658.36408946	1473	1565.99	1600	97.87
Orang_Guchi_Zeb2_neg_R1	6034682	L1MC3:L1:LINE	11474	1410.91658354	1461	1489.22	1497	99.48
Orang_Guchi_Zeb2_neg_R1	6034682	MER58A:MER1_type:DNA	11932	1441.08975127	1458	1473.63	1480	99.57
Orang_Guchi_Zeb2_neg_R1	6034682	L1MB5:L1:LINE	7903	1404.26076474	1447	1531.54	1573	97.36
Orang_Guchi_Zeb2_neg_R1	6034682	L1PREC2:L1:LINE	7458	1482.4150892	1412	1495.70	1515	98.73
Orang_Guchi_Zeb2_neg_R1	6034682	L1MD2:L1:LINE	9617	1113.48928181	1411	1495.12	1515	98.69
Orang_Guchi_Zeb2_neg_R1	6034682	L1M1:L1:LINE	9780	1372.51418486	1390	1512.64	1533	98.67
Orang_Guchi_Zeb2_neg_R1	6034682	MLT1H:MaLR:LTR	9016	1375.51594968	1388	1417.91	1441	98.40
Orang_Guchi_Zeb2_neg_R1	6034682	MLT1L:MaLR:LTR	10487	1135.40460997	1374	1386.28	1404	98.74
Orang_Guchi_Zeb2_neg_R1	6034682	MER33:MER1_type:DNA	8121	1021.07877291	1370	1386.50	1390	99.75
Orang_Guchi_Zeb2_neg_R1	6034682	L1MA8:L1:LINE	9445	1149.78149975	1312	1373.25	1394	98.51
Orang_Guchi_Zeb2_neg_R1	6034682	MSTB:MaLR:LTR	7642	1198.45864579	1291	1325.28	1333	99.42
Orang_Guchi_Zeb2_neg_R1	6034682	AluSq/x:Alu:SINE	9122	1335.95342397	1274	1310.69	1342	97.67
Orang_Guchi_Zeb2_neg_R1	6034682	L1MA4:L1:LINE	8653	1288.79821765	1268	1297.47	1308	99.19
Orang_Guchi_Zeb2_neg_R1	6034682	MER3:MER1_type:DNA	9186	1134.4380299	1254	1267.39	1273	99.56
Orang_Guchi_Zeb2_neg_R1	6034682	L1M2:L1:LINE	8986	1090.42112283	1244	1344.74	1436	93.64
Orang_Guchi_Zeb2_neg_R1	6034682	ERVL-E-int:ERVL:LTR	9815	1113.10610893	1216	1240.70	1258	98.62
Orang_Guchi_Zeb2_neg_R1	6034682	L1MA2:L1:LINE	6455	1244.93312972	1211	1274.03	1312	97.11
Orang_Guchi_Zeb2_neg_R1	6034682	L1MEd:L1:LINE	9089	872.337479627	1205	1230.75	1249	98.54
Orang_Guchi_Zeb2_neg_R1	6034682	LTR33:ERVL:LTR	8000	1373.49504326	1198	1256.37	1282	98.00
Orang_Guchi_Zeb2_neg_R1	6034682	MER5A1:MER1_type:DNA	13847	1366.24394108	1194	1205.00	1213	99.34
Orang_Guchi_Zeb2_neg_R1	6034682	L1PA8:L1:LINE	6886	1673.86406185	1181	1451.09	1722	84.27
Orang_Guchi_Zeb2_neg_R1	6034682	L1MB2:L1:LINE	7369	1101.06504463	1119	1138.05	1158	98.28
Orang_Guchi_Zeb2_neg_R1	6034682	MER2:MER2_type:DNA	8075	936.434928298	1091	1108.86	1127	98.39
Orang_Guchi_Zeb2_neg_R1	6034682	L1MEe:L1:LINE	10409	1099.7685696	1089	1103.18	1128	97.80
Orang_Guchi_Zeb2_neg_R1	6034682	L1MCa:L1:LINE	7067	838.433154928	1071	1098.07	1103	99.55
Orang_Guchi_Zeb2_neg_R1	6034682	LTR16C:ERVL:LTR	6262	966.404381349	1026	1042.09	1081	96.40
Orang_Guchi_Zeb2_neg_R1	6034682	L1MA4A:L1:LINE	5401	1066.9482453	1005	1032.98	1039	99.42
Orang_Guchi_Zeb2_neg_R1	6034682	L1MC:L1:LINE	11455	1043.39264742	979	1003.16	1031	97.30
Orang_Guchi_Zeb2_neg_R1	6034682	L1PA11:L1:LINE	3673	1144.53097561	979	1037.86	1084	95.74
Orang_Guchi_Zeb2_neg_R1	6034682	LTR16A:ERVL:LTR	6311	1152.91522689	965	971.94	990	98.18
Orang_Guchi_Zeb2_neg_R1	6034682	L1MD:L1:LINE	8171	950.974971216	956	1000.94	1019	98.23
Orang_Guchi_Zeb2_neg_R1	6034682	THE1C:MaLR:LTR	8887	1123.61585664	925	1005.92	1017	98.91
Orang_Guchi_Zeb2_neg_R1	6034682	MLT1A:MaLR:LTR	7937	966.523286944	921	950.33	977	97.27
Orang_Guchi_Zeb2_neg_R1	6034682	MER1B:MER1_type:DNA	4700	808.311132397	919	966.03	980	98.57
Orang_Guchi_Zeb2_neg_R1	6034682	L1PB4:L1:LINE	6630	1000.47237558	916	928.93	955	97.27
Orang_Guchi_Zeb2_neg_R1	6034682	L1MDa:L1:LINE	6413	842.604172396	911	958.97	984	97.46
Orang_Guchi_Zeb2_neg_R1	6034682	L1MD1:L1:LINE	5870	826.217673584	910	919.80	934	98.48
Orang_Guchi_Zeb2_neg_R1	6034682	L3b:CR1:LINE	6473	1087.80071007	899	902.00	905	99.67
Orang_Guchi_Zeb2_neg_R1	6034682	L1MA7:L1:LINE	7340	937.041630484	892	900.99	926	97.30
Orang_Guchi_Zeb2_neg_R1	6034682	LTR12C:ERV1:LTR	2559	1100.20941147	879	1130.78	1142	99.02
Orang_Guchi_Zeb2_neg_R1	6034682	L1MA6:L1:LINE	4734	880.033021698	874	900.14	935	96.27
Orang_Guchi_Zeb2_neg_R1	6034682	MER21C:ERV1:LTR	4126	603.731086756	851	866.53	878	98.69
Orang_Guchi_Zeb2_neg_R1	6034682	Tigger15a:TcMar:DNA	4386	721.03189373	847	865.90	868	99.76
Orang_Guchi_Zeb2_neg_R1	6034682	L1MB4:L1:LINE	7712	714.335379923	833	905.68	942	96.14
Orang_Guchi_Zeb2_neg_R1	6034682	L1M4b:L1:LINE	5572	694.300275638	808	847.95	860	98.60
Orang_Guchi_Zeb2_neg_R1	6034682	MARNA:Mariner:DNA	2913	706.56337961	804	816.01	821	99.39
Orang_Guchi_Zeb2_neg_R1	6034682	Charlie4z:MER1_type:DNA	5204	837.209298661	779	782.90	784	99.86
Orang_Guchi_Zeb2_neg_R1	6034682	LTR5B:ERVK:LTR	411	183.01005534	777	787.00	804	97.89
Orang_Guchi_Zeb2_neg_R1	6034682	MSTD:MaLR:LTR	6735	741.022243584	769	775.73	792	97.95
Orang_Guchi_Zeb2_neg_R1	6034682	Tigger3b:MER2_type:DNA	5743	528.761068917	768	779.10	781	99.76
Orang_Guchi_Zeb2_neg_R1	6034682	MER21B:ERV1:LTR	3337	586.424450239	762	774.79	812	95.42
Orang_Guchi_Zeb2_neg_R1	6034682	L1ME3:L1:LINE	6242	719.797616188	751	769.62	781	98.54
Orang_Guchi_Zeb2_neg_R1	6034682	HERVL-int:ERVL:LTR	2512	806.390754672	747	826.99	831	99.52
Orang_Guchi_Zeb2_neg_R1	6034682	L1ME2z:L1:LINE	6487	628.230168894	745	763.91	776	98.44
Orang_Guchi_Zeb2_neg_R1	6034682	Charlie8:MER1_type:DNA	2508	328.729922717	744	759.97	770	98.70
Orang_Guchi_Zeb2_neg_R1	6034682	L1P3:L1:LINE	4111	845.610782184	742	850.97	1014	83.92
Orang_Guchi_Zeb2_neg_R1	6034682	SVA_A:Other:Other	2025	910.850789392	740	1235.91	1295	95.44
Orang_Guchi_Zeb2_neg_R1	6034682	LTR48B:ERV1:LTR	911	296.11592062	733	742.00	742	100.00
Orang_Guchi_Zeb2_neg_R1	6034682	L1MA5:L1:LINE	3884	614.866659674	732	746.15	756	98.70
Orang_Guchi_Zeb2_neg_R1	6034682	L1MD3:L1:LINE	4494	594.013372369	731	737.00	743	99.19
Orang_Guchi_Zeb2_neg_R1	6034682	MER58B:MER1_type:DNA	5830	688.570993872	731	738.87	744	99.31
Orang_Guchi_Zeb2_neg_R1	6034682	MER20B:MER1_type:DNA	3448	583.038076889	725	745.00	746	99.87
Orang_Guchi_Zeb2_neg_R1	6034682	MER34B-int:ERV1:LTR	566	307.665177458	708	710.00	710	100.00
Orang_Guchi_Zeb2_neg_R1	6034682	MLT1F:MaLR:LTR	3826	656.68709112	708	716.50	723	99.10
Orang_Guchi_Zeb2_neg_R1	6034682	MLT1I:MaLR:LTR	9635	839.744462941	705	762.55	768	99.29
Orang_Guchi_Zeb2_neg_R1	6034682	MER102b:MER1_type:DNA	3661	675.720141054	701	710.00	718	98.89
Orang_Guchi_Zeb2_neg_R1	6034682	MLT1A1:MaLR:LTR	5915	659.914358485	681	708.28	719	98.51
Orang_Guchi_Zeb2_neg_R1	6034682	MER1A:MER1_type:DNA	2801	472.999080977	674	728.04	736	98.92
Orang_Guchi_Zeb2_neg_R1	6034682	Charlie1a:MER1_type:DNA	4730	535.269309499	652	687.50	690	99.64
Orang_Guchi_Zeb2_neg_R1	6034682	L1PA14:L1:LINE	2716	792.452337919	650	665.83	677	98.35
Orang_Guchi_Zeb2_neg_R1	6034682	MSTA-int:MaLR:LTR	2442	675.585939013	649	722.55	748	96.60
Orang_Guchi_Zeb2_neg_R1	6034682	Tigger3a:MER2_type:DNA	4735	594.259145006	648	655.70	662	99.05
Orang_Guchi_Zeb2_neg_R1	6034682	MLT1N2:MaLR:LTR	5355	560.371686307	647	651.22	655	99.42
Orang_Guchi_Zeb2_neg_R1	6034682	L1PA17:L1:LINE	4276	659.83642746	646	685.51	706	97.10
Orang_Guchi_Zeb2_neg_R1	6034682	MER2B:MER2_type:DNA	1242	327.163466863	635	662.70	670	98.91
Orang_Guchi_Zeb2_neg_R1	6034682	L1MC2:L1:LINE	5301	755.946753027	632	698.84	704	99.27
Orang_Guchi_Zeb2_neg_R1	6034682	MER103:DNA:DNA	6021	689.217359694	627	633.83	639	99.19
Orang_Guchi_Zeb2_neg_R1	6034682	MER117:MER1_type:DNA	3989	562.494497021	625	625.00	625	100.00
Orang_Guchi_Zeb2_neg_R1	6034682	LTR8:ERV1:LTR	3127	607.313832622	621	683.93	692	98.83
Orang_Guchi_Zeb2_neg_R1	6034682	L1P2:L1:LINE	2566	1035.47467478	618	1007.32	1456	69.18
Orang_Guchi_Zeb2_neg_R1	6034682	HAL1b:L1:LINE	4030	640.476792314	615	615.73	617	99.79
Orang_Guchi_Zeb2_neg_R1	6034682	THE1C-int:MaLR:LTR	1767	691.893075862	612	632.72	641	98.71
Orang_Guchi_Zeb2_neg_R1	6034682	THE1B-int:MaLR:LTR	2474	617.553718379	606	658.09	687	95.79
Orang_Guchi_Zeb2_neg_R1	6034682	L1PA8A:L1:LINE	2345	709.21166122	596	665.23	727	91.50
Orang_Guchi_Zeb2_neg_R1	6034682	LTR40b:ERVL:LTR	1115	293.599681478	595	597.33	600	99.55
Orang_Guchi_Zeb2_neg_R1	6034682	MLT1F1:MaLR:LTR	2818	446.602903376	595	602.91	606	99.49
Orang_Guchi_Zeb2_neg_R1	6034682	MLT2B3:ERVL:LTR	2795	514.305259254	593	595.37	599	99.39
Orang_Guchi_Zeb2_neg_R1	6034682	Charlie1:MER1_type:DNA	2204	343.226244308	589	605.48	606	99.91
Orang_Guchi_Zeb2_neg_R1	6034682	L1PBa:L1:LINE	2549	545.456924583	588	639.19	639	100.03
Orang_Guchi_Zeb2_neg_R1	6034682	L1MB1:L1:LINE	5347	491.00480238	587	606.47	635	95.51
Orang_Guchi_Zeb2_neg_R1	6034682	L1M3:L1:LINE	6532	625.770439994	581	612.55	635	96.46
Orang_Guchi_Zeb2_neg_R1	6034682	MER52A:ERV1:LTR	1580	549.556467825	581	588.00	588	100.00
Orang_Guchi_Zeb2_neg_R1	6034682	MSTC:MaLR:LTR	2768	385.323260356	578	580.05	594	97.65
Orang_Guchi_Zeb2_neg_R1	6034682	LTR84a:ERVL:LTR	595	121.742801667	576	580.87	583	99.63
Orang_Guchi_Zeb2_neg_R1	6034682	HSMAR1:Mariner:DNA	699	211.838916263	567	595.74	599	99.46
Orang_Guchi_Zeb2_neg_R1	6034682	MLT1G1:MaLR:LTR	3149	550.932300965	551	567.48	576	98.52
Orang_Guchi_Zeb2_neg_R1	6034682	MSTB1:MaLR:LTR	4320	528.593759206	551	565.12	573	98.62
Orang_Guchi_Zeb2_neg_R1	6034682	L1PB3:L1:LINE	3160	623.725380946	550	566.33	568	99.71
Orang_Guchi_Zeb2_neg_R1	6034682	ERVL-B4-int:ERVL:LTR	3850	518.099364636	549	597.50	601	99.42
Orang_Guchi_Zeb2_neg_R1	6034682	MER113:MER1_type:DNA	3441	465.412838686	549	563.53	571	98.69
Orang_Guchi_Zeb2_neg_R1	6034682	LTR8A:ERV1:LTR	2539	518.477756544	547	578.75	580	99.78
Orang_Guchi_Zeb2_neg_R1	6034682	L1MA1:L1:LINE	3822	493.818770199	544	566.13	597	94.83
Orang_Guchi_Zeb2_neg_R1	6034682	Tigger7:MER2_type:DNA	3382	481.919553292	544	555.17	562	98.78
Orang_Guchi_Zeb2_neg_R1	6034682	MLT1F2:MaLR:LTR	5213	537.673477973	542	581.63	594	97.92
Orang_Guchi_Zeb2_neg_R1	6034682	HERV16-int:ERVL:LTR	3923	529.476815243	541	551.32	571	96.55
Orang_Guchi_Zeb2_neg_R1	6034682	L1PB2:L1:LINE	2677	628.594391072	533	559.52	593	94.35
Orang_Guchi_Zeb2_neg_R1	6034682	MER4D1:ERV1:LTR	1262	323.57486579	526	534.09	535	99.83
Orang_Guchi_Zeb2_neg_R1	6034682	L1M6:L1:LINE	5919	639.054662524	524	532.31	538	98.94
Orang_Guchi_Zeb2_neg_R1	6034682	L1MA5A:L1:LINE	2911	490.635188833	523	536.74	542	99.03
Orang_Guchi_Zeb2_neg_R1	6034682	MLT1J2:MaLR:LTR	6216	511.830663158	520	530.99	536	99.07
Orang_Guchi_Zeb2_neg_R1	6034682	Charlie15a:MER1_type:DNA	2988	607.471613317	519	519.00	519	100.00
Orang_Guchi_Zeb2_neg_R1	6034682	THE1A:MaLR:LTR	3752	507.680563124	518	532.15	539	98.73
Orang_Guchi_Zeb2_neg_R1	6034682	Tigger2:MER2_type:DNA	3067	416.490765077	517	527.62	529	99.74
Orang_Guchi_Zeb2_neg_R1	6034682	Tigger4:MER2_type:DNA	1473	311.742454812	515	517.34	518	99.87
Orang_Guchi_Zeb2_neg_R1	6034682	MLT1M:MaLR:LTR	2507	303.407002808	513	517.06	520	99.43
Orang_Guchi_Zeb2_neg_R1	6034682	L1M4c:L1:LINE	5563	465.21719872	510	533.76	537	99.40
Orang_Guchi_Zeb2_neg_R1	6034682	L1ME5:L1:LINE	3065	382.616751939	507	512.25	516	99.27
Orang_Guchi_Zeb2_neg_R1	6034682	Tigger4a:MER2_type:DNA	3033	435.030618345	507	513.00	514	99.81
Orang_Guchi_Zeb2_neg_R1	6034682	MER61-int:ERV1:LTR	1071	167.34088552	501	582.54	630	92.47
Orang_Guchi_Zeb2_neg_R1	6034682	MER91A:Tip100:DNA	3206	520.218237477	496	499.00	500	99.80
Orang_Guchi_Zeb2_neg_R1	6034682	LTR78:ERV1:LTR	4260	398.906947003	492	494.47	501	98.70
Orang_Guchi_Zeb2_neg_R1	6034682	MLT1E2:MaLR:LTR	3504	327.873007748	490	493.00	494	99.80
Orang_Guchi_Zeb2_neg_R1	6034682	MLT1E1A:MaLR:LTR	2980	388.836473872	488	505.53	514	98.35
Orang_Guchi_Zeb2_neg_R1	6034682	MamRep137:TcMar?:DNA	2057	340.739250533	485	490.73	495	99.14
Orang_Guchi_Zeb2_neg_R1	6034682	MER44A:MER2_type:DNA	2147	260.19412985	482	493.61	497	99.32
Orang_Guchi_Zeb2_neg_R1	6034682	Charlie16a:MER1_type:DNA	1676	513.769413743	476	479.04	481	99.59
Orang_Guchi_Zeb2_neg_R1	6034682	MER102a:MER1_type:DNA	2903	503.639827073	475	477.00	479	99.58
Orang_Guchi_Zeb2_neg_R1	6034682	MER112:MER1_type:DNA	3808	465.680377031	475	480.94	486	98.96
Orang_Guchi_Zeb2_neg_R1	6034682	MLT2A2:ERVL:LTR	3492	476.512722222	471	493.93	506	97.61
Orang_Guchi_Zeb2_neg_R1	6034682	HAL1-2a_MD:L1:LINE	602	606.055643103	469	513.00	500	102.60
Orang_Guchi_Zeb2_neg_R1	6034682	MLT2B1:ERVL:LTR	3966	423.101536567	469	479.02	488	98.16
Orang_Guchi_Zeb2_neg_R1	6034682	HSMAR2:Mariner:DNA	1662	226.537325369	460	494.62	499	99.12
Orang_Guchi_Zeb2_neg_R1	6034682	MLT2B4:ERVL:LTR	3944	452.218553034	452	453.65	456	99.48
Orang_Guchi_Zeb2_neg_R1	6034682	L1PA12:L1:LINE	1625	495.764454362	436	445.98	457	97.59
Orang_Guchi_Zeb2_neg_R1	6034682	LTR7:ERV1:LTR	1489	767.984149107	425	626.04	656	95.43
Orang_Guchi_Zeb2_neg_R1	6034682	MLT1H2:MaLR:LTR	4149	460.922528504	420	437.44	460	95.10
Orang_Guchi_Zeb2_neg_R1	6034682	L1MCc:L1:LINE	3029	397.18442063	417	438.91	440	99.75
Orang_Guchi_Zeb2_neg_R1	6034682	MER30:MER1_type:DNA	3552	416.212208583	416	420.22	423	99.34
Orang_Guchi_Zeb2_neg_R1	6034682	LTR16A1:ERVL:LTR	3628	445.079260362	414	418.95	421	99.51
Orang_Guchi_Zeb2_neg_R1	6034682	HUERS-P3-int:ERV1:LTR	623	105.452249282	410	423.22	425	99.58
Orang_Guchi_Zeb2_neg_R1	6034682	L1MA10:L1:LINE	4336	446.873414704	409	415.55	427	97.32
Orang_Guchi_Zeb2_neg_R1	6034682	MER47A:MER2_type:DNA	2293	297.853131858	408	409.50	411	99.64
Orang_Guchi_Zeb2_neg_R1	6034682	MER41A:ERV1:LTR	2289	333.326178629	407	446.83	455	98.20
Orang_Guchi_Zeb2_neg_R1	6034682	HAL1-3A_ME:L1:LINE	1370	344.490453044	406	406.00	406	100.00
Orang_Guchi_Zeb2_neg_R1	6034682	MER46C:MER2_type:DNA	2455	379.305481883	406	411.07	413	99.53
Orang_Guchi_Zeb2_neg_R1	6034682	MER4B-int:ERV1:LTR	1337	156.302053224	404	443.26	452	98.07
Orang_Guchi_Zeb2_neg_R1	6034682	MLT1J1:MaLR:LTR	4346	532.565099195	404	405.50	406	99.88
Orang_Guchi_Zeb2_neg_R1	6034682	THE1D-int:MaLR:LTR	1344	420.699764667	392	401.30	413	97.17
Orang_Guchi_Zeb2_neg_R1	6034682	LTR1B:ERV1:LTR	1042	380.982413534	391	394.44	399	98.86
Orang_Guchi_Zeb2_neg_R1	6034682	LTR5_Hs:ERVK:LTR	425	397.993112881	389	578.44	595	97.22
Orang_Guchi_Zeb2_neg_R1	6034682	MER58C:MER1_type:DNA	2182	294.971043606	389	391.50	392	99.87
Orang_Guchi_Zeb2_neg_R1	6034682	MER82:MER2_type:DNA	2821	254.558814723	387	395.00	395	100.00
Orang_Guchi_Zeb2_neg_R1	6034682	HERV9-int:ERV1:LTR	992	495.071485616	384	458.85	471	97.42
Orang_Guchi_Zeb2_neg_R1	6034682	MER49:ERV1:LTR	1129	317.368510362	384	400.41	413	96.95
Orang_Guchi_Zeb2_neg_R1	6034682	Charlie4a:MER1_type:DNA	2923	326.378380968	376	377.00	377	100.00
Orang_Guchi_Zeb2_neg_R1	6034682	MER41B:ERV1:LTR	2517	367.109328334	376	390.52	391	99.88
Orang_Guchi_Zeb2_neg_R1	6034682	MER21A:ERV1:LTR	1654	253.888602894	375	406.70	415	98.00
Orang_Guchi_Zeb2_neg_R1	6034682	LTR16E2:ERVL:LTR	2045	341.904169711	373	374.54	375	99.88
Orang_Guchi_Zeb2_neg_R1	6034682	MER9:ERVK:LTR	986	154.909975272	373	408.28	412	99.10
Orang_Guchi_Zeb2_neg_R1	6034682	Tigger5:MER2_type:DNA	2633	299.616762118	366	366.96	368	99.72
Orang_Guchi_Zeb2_neg_R1	6034682	Tigger4b:MER2_type:DNA	2026	259.757155393	365	365.00	365	100.00
Orang_Guchi_Zeb2_neg_R1	6034682	Tigger2a:MER2_type:DNA	2920	396.600171732	363	378.94	385	98.43
Orang_Guchi_Zeb2_neg_R1	6034682	MER50:ERV1:LTR	2354	344.723742439	362	367.27	368	99.80
Orang_Guchi_Zeb2_neg_R1	6034682	MER104:Tc2:DNA	1940	290.528478385	361	368.70	374	98.58
Orang_Guchi_Zeb2_neg_R1	6034682	MLT1G3:MaLR:LTR	2402	375.167944109	358	368.76	374	98.60
Orang_Guchi_Zeb2_neg_R1	6034682	MER81:AcHobo:DNA	3238	487.844494376	357	362.95	363	99.99
Orang_Guchi_Zeb2_neg_R1	6034682	MER68:ERVL:LTR	1690	221.142198314	356	364.02	366	99.46
Orang_Guchi_Zeb2_neg_R1	6034682	Charlie1b:MER1_type:DNA	2106	278.385236885	352	353.50	354	99.86
Orang_Guchi_Zeb2_neg_R1	6034682	LTR39:ERV1:LTR	1035	324.633645698	352	353.21	354	99.78
Orang_Guchi_Zeb2_neg_R1	6034682	MamRep434:TcMar:DNA	1912	282.860988896	351	352.69	354	99.63
Orang_Guchi_Zeb2_neg_R1	6034682	MER39:ERV1:LTR	2818	367.552328668	345	346.50	348	99.57
Orang_Guchi_Zeb2_neg_R1	6034682	L1PA15-16:L1:LINE	1421	350.929822092	344	351.62	353	99.61
Orang_Guchi_Zeb2_neg_R1	6034682	AluJo/FLAM:Alu:SINE	2015	305.057830532	343	356.80	363	98.29
Orang_Guchi_Zeb2_neg_R1	6034682	MER31A:ERV1:LTR	1202	291.554799485	343	344.76	345	99.93
Orang_Guchi_Zeb2_neg_R1	6034682	Tigger13a:MER2_type:DNA	2640	285.363535819	341	343.00	344	99.71
Orang_Guchi_Zeb2_neg_R1	6034682	Harlequin-int:ERV1:LTR	546	216.031999495	340	386.90	390	99.21
Orang_Guchi_Zeb2_neg_R1	6034682	MER51A:ERV1:LTR	881	233.900439108	340	341.33	344	99.22
Orang_Guchi_Zeb2_neg_R1	6034682	LTR50:ERVL:LTR	2323	350.879377804	337	338.44	339	99.83
Orang_Guchi_Zeb2_neg_R1	6034682	Tigger10:Tigger:DNA	929	120.927921028	337	338.00	338	100.00
Orang_Guchi_Zeb2_neg_R1	6034682	MLT2F:ERVL:LTR	1738	157.933887567	335	341.02	346	98.56
Orang_Guchi_Zeb2_neg_R1	6034682	MamGyp-int:Gypsy:LTR	310	52.9888126152	335	336.00	336	100.00
Orang_Guchi_Zeb2_neg_R1	6034682	MER115:Tip100:DNA	2195	450.601484001	334	343.99	344	100.00
Orang_Guchi_Zeb2_neg_R1	6034682	L1P4:L1:LINE	3899	379.545964646	331	395.53	393	100.64
Orang_Guchi_Zeb2_neg_R1	6034682	MLT2A1:ERVL:LTR	3169	328.551658909	327	340.92	343	99.39
Orang_Guchi_Zeb2_neg_R1	6034682	MER4A:ERV1:LTR	975	223.165276829	326	330.99	332	99.69
Orang_Guchi_Zeb2_neg_R1	6034682	MamSINE1:tRNA:SINE	1445	320.507274131	326	326.50	327	99.85
Orang_Guchi_Zeb2_neg_R1	6034682	Charlie18a:MER1_type:DNA	2150	357.930457447	325	325.00	325	100.00
Orang_Guchi_Zeb2_neg_R1	6034682	MLT2D:ERVL:LTR	3906	320.890091362	324	344.32	352	97.82
Orang_Guchi_Zeb2_neg_R1	6034682	MER94:AcHobo:DNA	4136	407.588421854	314	315.50	317	99.53
Orang_Guchi_Zeb2_neg_R1	6034682	Alu:Alu:SINE	12630	430.919692043	313	325.68	334	97.51
Orang_Guchi_Zeb2_neg_R1	6034682	MER77:ERVL:LTR	2124	291.951679048	313	338.36	343	98.65
Orang_Guchi_Zeb2_neg_R1	6034682	AluS:Alu:SINE	3956	310.82681293	311	316.18	325	97.29
Orang_Guchi_Zeb2_neg_R1	6034682	AluJ/FLAM:Alu:SINE	4379	374.284923346	308	311.08	314	99.07
Orang_Guchi_Zeb2_neg_R1	6034682	LTR2B:ERV1:LTR	289	103.318437985	307	329.04	340	96.78
Orang_Guchi_Zeb2_neg_R1	6034682	LTR79:ERVL:LTR	3621	416.884200672	307	308.99	309	100.00
Orang_Guchi_Zeb2_neg_R1	6034682	LTR16B2:ERVL:LTR	1409	341.295258424	300	303.01	320	94.69
Orang_Guchi_Zeb2_neg_R1	6034682	MER4B:ERV1:LTR	1499	244.784334273	299	313.90	316	99.34
Orang_Guchi_Zeb2_neg_R1	6034682	MER74A:ERVL:LTR	1386	294.692071796	297	311.78	319	97.74
Orang_Guchi_Zeb2_neg_R1	6034682	Charlie2a:MER1_type:DNA	2359	176.148843169	294	296.00	296	100.00
Orang_Guchi_Zeb2_neg_R1	6034682	L1PB:L1:LINE	1960	294.532181816	292	302.00	304	99.34
Orang_Guchi_Zeb2_neg_R1	6034682	LTR1:ERV1:LTR	1272	385.609544252	290	344.90	364	94.75
Orang_Guchi_Zeb2_neg_R1	6034682	MER53:hAT:DNA	4971	351.811590331	289	293.00	297	98.65
Orang_Guchi_Zeb2_neg_R1	6034682	Tigger3c:MER2_type:DNA	1541	209.55255914	286	287.00	287	100.00
Orang_Guchi_Zeb2_neg_R1	6034682	MER11C:ERVK:LTR	744	224.336681667	285	359.33	362	99.26
Orang_Guchi_Zeb2_neg_R1	6034682	MamRep38:hAT:DNA	1763	416.451348357	284	303.56	304	99.86
Orang_Guchi_Zeb2_neg_R1	6034682	CR1_Mam:CR1:LINE	1499	187.266988001	282	282.00	282	100.00
Orang_Guchi_Zeb2_neg_R1	6034682	Charlie2b:MER1_type:DNA	2553	202.345512689	282	288.27	297	97.06
Orang_Guchi_Zeb2_neg_R1	6034682	LTR16E1:ERVL:LTR	2283	386.537637421	281	296.13	297	99.71
Orang_Guchi_Zeb2_neg_R1	6034682	MLT1G:MaLR:LTR	2451	335.67149697	281	306.54	314	97.62
Orang_Guchi_Zeb2_neg_R1	6034682	MLT2B2:ERVL:LTR	1962	312.65722462	280	290.43	295	98.45
Orang_Guchi_Zeb2_neg_R1	6034682	MST-int:MaLR:LTR	325	147.536118324	280	281.61	282	99.86
Orang_Guchi_Zeb2_neg_R1	6034682	LTR9:ERV1:LTR	1764	242.471035253	273	273.16	275	99.33
Orang_Guchi_Zeb2_neg_R1	6034682	LTR41:ERVL:LTR	1415	196.513199882	272	279.28	282	99.04
Orang_Guchi_Zeb2_neg_R1	6034682	Tigger16b:Tigger:DNA	873	246.524958916	272	272.00	272	100.00
Orang_Guchi_Zeb2_neg_R1	6034682	Charlie5:MER1_type:DNA	2389	241.42581649	271	294.83	301	97.95
Orang_Guchi_Zeb2_neg_R1	6034682	MER4A1:ERV1:LTR	1869	245.753686099	269	273.07	274	99.66
Orang_Guchi_Zeb2_neg_R1	6034682	MER57A-int:ERV1:LTR	1699	202.989293097	266	274.83	278	98.86
Orang_Guchi_Zeb2_neg_R1	6034682	MLT2C1:ERVL:LTR	2284	278.683225463	266	270.79	272	99.56
Orang_Guchi_Zeb2_neg_R1	6034682	MER6A:MER2_type:DNA	901	175.696329017	265	267.00	267	100.00
Orang_Guchi_Zeb2_neg_R1	6034682	MLT1E3:MaLR:LTR	1660	209.412971016	265	271.00	272	99.63
Orang_Guchi_Zeb2_neg_R1	6034682	THE1A-int:MaLR:LTR	722	178.800255703	262	273.82	298	91.88
Orang_Guchi_Zeb2_neg_R1	6034682	HERVE-int:ERV1:LTR	225	65.8034666762	261	279.58	281	99.49
Orang_Guchi_Zeb2_neg_R1	6034682	AluJ:Alu:SINE	2302	329.967481044	259	276.91	298	92.92
Orang_Guchi_Zeb2_neg_R1	6034682	LTR33A_:ERVL:LTR	1418	255.295510129	256	256.50	257	99.81
Orang_Guchi_Zeb2_neg_R1	6034682	MER4-int:ERV1:LTR	2501	238.018996962	255	264.93	272	97.40
Orang_Guchi_Zeb2_neg_R1	6034682	MER63A:AcHobo:DNA	3201	260.836223053	253	253.00	256	98.83
Orang_Guchi_Zeb2_neg_R1	6034682	LTR1D:ERV1:LTR	871	312.486896324	251	297.00	297	100.00
Orang_Guchi_Zeb2_neg_R1	6034682	MER90a:ERV1:LTR	1046	333.942381261	249	270.00	274	98.54
Orang_Guchi_Zeb2_neg_R1	6034682	HERVL40-int:ERVL:LTR	1206	132.405442662	247	257.92	262	98.44
Orang_Guchi_Zeb2_neg_R1	6034682	Tigger12:MER2_type:DNA	628	179.690397639	247	247.00	247	100.00
Orang_Guchi_Zeb2_neg_R1	6034682	HERVIP10F-int:ERV1:LTR	421	89.9164759362	244	251.22	253	99.30
Orang_Guchi_Zeb2_neg_R1	6034682	LTR16B1:ERVL:LTR	1657	199.61791908	244	251.00	253	99.21
Orang_Guchi_Zeb2_neg_R1	6034682	MER65C:ERV1:LTR	577	147.845189851	243	245.03	247	99.20
Orang_Guchi_Zeb2_neg_R1	6034682	LTR33B:ERVL:LTR	2358	257.851314976	242	259.18	286	90.62
Orang_Guchi_Zeb2_neg_R1	6034682	Charlie17a:MER1_type:DNA	1294	178.531770318	240	240.67	243	99.04
Orang_Guchi_Zeb2_neg_R1	6034682	L1M7:L1:LINE	3670	234.145162708	240	254.13	258	98.50
Orang_Guchi_Zeb2_neg_R1	6034682	MER63B:AcHobo:DNA	2119	247.326808566	240	246.00	246	100.00
Orang_Guchi_Zeb2_neg_R1	6034682	MER11A:ERVK:LTR	879	189.423450903	237	274.50	275	99.82
Orang_Guchi_Zeb2_neg_R1	6034682	L1MCb:L1:LINE	1929	195.412830384	236	249.50	253	98.62
Orang_Guchi_Zeb2_neg_R1	6034682	Kanga1:Tc2:DNA	1029	155.889154214	232	233.00	234	99.57
Orang_Guchi_Zeb2_neg_R1	6034682	LTR49-int:ERV1:LTR	1877	151.284201711	229	243.58	250	97.43
Orang_Guchi_Zeb2_neg_R1	6034682	MER41-int:ERV1:LTR	1563	97.7765898583	228	240.40	243	98.93
Orang_Guchi_Zeb2_neg_R1	6034682	Arthur1:Tip100:DNA	2653	268.374540713	227	237.56	241	98.57
Orang_Guchi_Zeb2_neg_R1	6034682	MER102c:MER1_type:DNA	2580	281.187586705	227	230.29	242	95.16
Orang_Guchi_Zeb2_neg_R1	6034682	MLT1H1:MaLR:LTR	3095	235.484023436	224	230.86	236	97.82
Orang_Guchi_Zeb2_neg_R1	6034682	LTR85a:Gypsy?:LTR	1656	246.643822531	221	223.00	223	100.00
Orang_Guchi_Zeb2_neg_R1	6034682	MER31-int:ERV1:LTR	1747	182.144709342	221	223.76	225	99.45
Orang_Guchi_Zeb2_neg_R1	6034682	MER45C:Tip100:DNA	1056	264.516193439	215	216.28	221	97.86
Orang_Guchi_Zeb2_neg_R1	6034682	MER52D:ERV1:LTR	546	250.937004335	214	232.50	233	99.79
Orang_Guchi_Zeb2_neg_R1	6034682	MER8:MER2_type:DNA	1694	219.501063356	214	214.00	215	99.53
Orang_Guchi_Zeb2_neg_R1	6034682	MER57-int:ERV1:LTR	1074	174.7133544	213	214.00	214	100.00
Orang_Guchi_Zeb2_neg_R1	6034682	LTR42:ERVL:LTR	259	156.313777492	208	209.00	209	100.00
Orang_Guchi_Zeb2_neg_R1	6034682	LTR7B:ERV1:LTR	685	275.722421229	205	273.85	273	100.31
Orang_Guchi_Zeb2_neg_R1	6034682	Charlie22a:MER1_type:DNA	911	164.497549444	204	205.95	209	98.54
Orang_Guchi_Zeb2_neg_R1	6034682	LTR53:ERVL:LTR	613	158.418176347	201	202.97	211	96.20
Orang_Guchi_Zeb2_neg_R1	6034682	HERV3-int:ERV1:LTR	248	94.4450525773	199	203.00	203	100.00
Orang_Guchi_Zeb2_neg_R1	6034682	LFSINE_Vert:SINE:SINE	866	272.290286125	197	197.50	198	99.75
Orang_Guchi_Zeb2_neg_R1	6034682	AluSp/q:Alu:SINE	4018	261.089597893	196	201.92	219	92.20
Orang_Guchi_Zeb2_neg_R1	6034682	MER57B2:ERV1:LTR	950	130.527631034	195	205.41	206	99.71
Orang_Guchi_Zeb2_neg_R1	6034682	Cheshire:MER1_type:DNA	1226	116.350502589	194	195.00	196	99.49
Orang_Guchi_Zeb2_neg_R1	6034682	LTR12:ERV1:LTR	696	258.676878986	194	231.53	256	90.44
Orang_Guchi_Zeb2_neg_R1	6034682	MER45A:Tip100:DNA	3008	275.169939791	194	195.00	195	100.00
Orang_Guchi_Zeb2_neg_R1	6034682	THE1-int:MaLR:LTR	445	160.790545613	194	194.00	194	100.00
Orang_Guchi_Zeb2_neg_R1	6034682	Charlie6:MER1_type:DNA	232	29.9877911139	192	195.00	196	99.49
Orang_Guchi_Zeb2_neg_R1	6034682	Kanga2_a:Tc2:DNA	1324	148.216558806	191	192.48	193	99.73
Orang_Guchi_Zeb2_neg_R1	6034682	MER91C:Tip100:DNA	1396	180.526051416	191	192.00	192	100.00
Orang_Guchi_Zeb2_neg_R1	6034682	MSTB-int:MaLR:LTR	766	163.579568695	189	204.28	207	98.69
Orang_Guchi_Zeb2_neg_R1	6034682	Charlie10:MER1_type:DNA	1087	149.321893292	188	191.00	191	100.00
Orang_Guchi_Zeb2_neg_R1	6034682	MSTB2:MaLR:LTR	1466	181.455321138	187	188.36	191	98.62
Orang_Guchi_Zeb2_neg_R1	6034682	LTR13:ERVK:LTR	425	166.105876542	185	232.00	232	100.00
Orang_Guchi_Zeb2_neg_R1	6034682	HERVH48-int:ERV1:LTR	115	86.0726347685	184	186.45	187	99.71
Orang_Guchi_Zeb2_neg_R1	6034682	LTR41B:ERVL:LTR	843	104.267511763	182	211.21	212	99.63
Orang_Guchi_Zeb2_neg_R1	6034682	MamRep1161:TcMar:DNA	1417	174.356147957	181	183.00	183	100.00
Orang_Guchi_Zeb2_neg_R1	6034682	LTR35:ERV1:LTR	257	123.267286568	180	180.73	182	99.30
Orang_Guchi_Zeb2_neg_R1	6034682	HERVI-int:ERV1:LTR	132	85.5720627252	179	187.01	190	98.43
Orang_Guchi_Zeb2_neg_R1	6034682	LTR5A:ERVK:LTR	154	112.941324951	179	181.00	181	100.00
Orang_Guchi_Zeb2_neg_R1	6034682	MER72:ERV1:LTR	676	159.014331516	179	180.00	180	100.00
Orang_Guchi_Zeb2_neg_R1	6034682	Charlie9:MER1_type:DNA	860	93.4870820509	178	184.56	188	98.17
Orang_Guchi_Zeb2_neg_R1	6034682	MER113A:MER1_type:DNA	1765	155.444030671	175	185.92	187	99.42
Orang_Guchi_Zeb2_neg_R1	6034682	MER31B:ERV1:LTR	1323	192.401985069	175	176.00	176	100.00
Orang_Guchi_Zeb2_neg_R1	6034682	MER66-int:ERV1:LTR	615	170.95610953	175	175.00	175	100.00
Orang_Guchi_Zeb2_neg_R1	6034682	Tigger8:MER2_type:DNA	747	89.0059392683	175	176.00	176	100.00
Orang_Guchi_Zeb2_neg_R1	6034682	LTR85b:Gypsy?:LTR	1006	234.086123415	172	172.00	174	98.85
Orang_Guchi_Zeb2_neg_R1	6034682	L1M3c:L1:LINE	1062	153.735329813	171	171.00	171	100.00
Orang_Guchi_Zeb2_neg_R1	6034682	HERVK-int:ERVK:LTR	189	63.4221073556	170	177.00	177	100.00
Orang_Guchi_Zeb2_neg_R1	6034682	AmnSINE1:SINE:SINE	977	168.696752117	169	169.00	169	100.00
Orang_Guchi_Zeb2_neg_R1	6034682	LTR52:ERVL:LTR	961	184.369365592	168	181.50	195	93.08
Orang_Guchi_Zeb2_neg_R1	6034682	Charlie19a:Charlie:DNA	1440	175.690065747	167	167.90	169	99.35
Orang_Guchi_Zeb2_neg_R1	6034682	MER61C:ERV1:LTR	281	113.085527703	167	214.77	227	94.61
Orang_Guchi_Zeb2_neg_R1	6034682	MADE2:Mariner:DNA	2300	208.801862984	166	166.00	166	100.00
Orang_Guchi_Zeb2_neg_R1	6034682	MER91B:Tip100:DNA	1351	222.47378515	166	166.00	166	100.00
Orang_Guchi_Zeb2_neg_R1	6034682	Tigger6a:MER2_type:DNA	681	83.3458259273	166	169.14	171	98.91
Orang_Guchi_Zeb2_neg_R1	6034682	LTR40a:ERVL:LTR	1898	197.675674542	164	185.53	199	93.23
Orang_Guchi_Zeb2_neg_R1	6034682	MER44C:MER2_type:DNA	733	135.280444699	164	171.99	173	99.42
Orang_Guchi_Zeb2_neg_R1	6034682	HERVK3-int:ERVK:LTR	243	58.7978494196	162	182.34	220	82.88
Orang_Guchi_Zeb2_neg_R1	6034682	AluJo/FRAM:Alu:SINE	1243	168.174810918	161	163.50	166	98.49
Orang_Guchi_Zeb2_neg_R1	6034682	LTR49:ERV1:LTR	1165	112.09106296	161	162.00	164	98.78
Orang_Guchi_Zeb2_neg_R1	6034682	MER39B:ERV1:LTR	1009	136.082973685	161	166.93	169	98.78
Orang_Guchi_Zeb2_neg_R1	6034682	MER34A:ERV1:LTR	1359	170.145710967	159	159.00	159	100.00
Orang_Guchi_Zeb2_neg_R1	6034682	MER67C:ERV1:LTR	1490	138.350446284	159	161.43	166	97.25
Orang_Guchi_Zeb2_neg_R1	6034682	AluYb9:Alu:SINE	132	55.8885864644	155	159.63	161	99.15
Orang_Guchi_Zeb2_neg_R1	6034682	MER119:MER1_type:DNA	1038	162.612447784	155	155.00	156	99.36
Orang_Guchi_Zeb2_neg_R1	6034682	LTR10B1:ERV1:LTR	201	73.3989648332	154	154.94	155	99.96
Orang_Guchi_Zeb2_neg_R1	6034682	LTR2C:ERV1:LTR	264	74.9862803147	154	154.00	154	100.00
Orang_Guchi_Zeb2_neg_R1	6034682	Tigger12c:MER2_type:DNA	929	156.429902072	154	154.00	154	100.00
Orang_Guchi_Zeb2_neg_R1	6034682	Charlie7:MER1_type:DNA	3305	112.440353055	152	153.83	157	97.98
Orang_Guchi_Zeb2_neg_R1	6034682	LTR33A:ERVL:LTR	1794	131.360955438	151	152.04	154	98.72
Orang_Guchi_Zeb2_neg_R1	6034682	LTR43:ERV1:LTR	420	168.930366931	151	151.00	151	100.00
Orang_Guchi_Zeb2_neg_R1	6034682	Tigger14a:MER2_type:DNA	1104	192.8903812	151	151.00	151	100.00
Orang_Guchi_Zeb2_neg_R1	6034682	LTR15:ERV1:LTR	186	104.875427973	150	150.00	150	100.00
Orang_Guchi_Zeb2_neg_R1	6034682	LTR40c:ERVL:LTR	525	171.642362273	150	151.00	151	100.00
Orang_Guchi_Zeb2_neg_R1	6034682	LTR7Y:ERV1:LTR	320	181.083909352	150	172.37	185	93.17
Orang_Guchi_Zeb2_neg_R1	6034682	MER74B:ERVL:LTR	823	161.526952517	150	165.76	169	98.08
Orang_Guchi_Zeb2_neg_R1	6034682	MLT1J-int:MaLR:LTR	1285	188.378002286	150	150.00	150	100.00
Orang_Guchi_Zeb2_neg_R1	6034682	LOR1-int:ERV1:LTR	1170	62.7903310841	147	152.59	161	94.78
Orang_Guchi_Zeb2_neg_R1	6034682	LTR87:ERVL?:LTR	556	91.4862076756	146	150.65	151	99.77
Orang_Guchi_Zeb2_neg_R1	6034682	LTR10C:ERV1:LTR	459	64.1886396382	144	144.68	146	99.09
Orang_Guchi_Zeb2_neg_R1	6034682	HERVK9-int:ERVK:LTR	643	94.7930647886	143	148.00	149	99.33
Orang_Guchi_Zeb2_neg_R1	6034682	MER5C:MER1_type:DNA	1163	137.339994309	143	153.84	149	103.25
Orang_Guchi_Zeb2_neg_R1	6034682	MSTD-int:MaLR:LTR	678	123.199463098	143	146.00	146	100.00
Orang_Guchi_Zeb2_neg_R1	6034682	Tigger3:MER2_type:DNA	1650	136.422241541	143	150.50	157	95.86
Orang_Guchi_Zeb2_neg_R1	6034682	L1M2c:L1:LINE	409	115.474762101	142	142.80	144	99.17
Orang_Guchi_Zeb2_neg_R1	6034682	HERV4_I-int:ERV1:LTR	330	110.646124497	141	167.73	175	95.84
Orang_Guchi_Zeb2_neg_R1	6034682	MamRep4096:hAT?:DNA	1106	69.7782355992	141	141.00	141	100.00
Orang_Guchi_Zeb2_neg_R1	6034682	SVA_D:Other:Other	476	88.0392800262	141	142.87	145	98.53
Orang_Guchi_Zeb2_neg_R1	6034682	LTR48:ERV1:LTR	940	91.2391597241	140	140.00	140	100.00
Orang_Guchi_Zeb2_neg_R1	6034682	Charlie14a:MER1_type:DNA	634	69.9720844714	139	139.00	139	100.00
Orang_Guchi_Zeb2_neg_R1	6034682	LOR1a:ERV1:LTR	677	185.314372222	139	144.00	144	100.00
Orang_Guchi_Zeb2_neg_R1	6034682	LTR2:ERV1:LTR	780	117.808907547	139	144.95	146	99.28
Orang_Guchi_Zeb2_neg_R1	6034682	LTR38:ERV1:LTR	286	131.157662764	139	139.00	139	100.00
Orang_Guchi_Zeb2_neg_R1	6034682	AluYa5:Alu:SINE	347	184.806755603	138	151.49	205	73.90
Orang_Guchi_Zeb2_neg_R1	6034682	MER34A1:ERV1:LTR	672	79.1213756475	138	142.30	146	97.47
Orang_Guchi_Zeb2_neg_R1	6034682	MER92B:ERV1:LTR	770	115.977616087	136	136.12	140	97.23
Orang_Guchi_Zeb2_neg_R1	6034682	LTR28:ERV1:LTR	491	132.638450068	135	135.00	135	100.00
Orang_Guchi_Zeb2_neg_R1	6034682	MLT1E1:MaLR:LTR	942	139.736280332	135	138.86	141	98.48
Orang_Guchi_Zeb2_neg_R1	6034682	L1PBa1:L1:LINE	523	173.540310892	134	142.50	144	98.96
Orang_Guchi_Zeb2_neg_R1	6034682	LTR12D:ERV1:LTR	433	141.18039033	134	157.53	179	88.00
Orang_Guchi_Zeb2_neg_R1	6034682	MER54A:ERVL:LTR	533	108.912939984	134	156.00	162	96.30
Orang_Guchi_Zeb2_neg_R1	6034682	MER85:PiggyBac:DNA	784	136.264464318	134	137.99	139	99.28
Orang_Guchi_Zeb2_neg_R1	6034682	MER65D:ERV1:LTR	372	116.659571996	133	143.00	143	100.00
Orang_Guchi_Zeb2_neg_R1	6034682	MER67B:ERV1:LTR	435	86.9239890504	133	133.00	133	100.00
Orang_Guchi_Zeb2_neg_R1	6034682	LTR10A:ERV1:LTR	250	153.383324029	132	133.47	134	99.60
Orang_Guchi_Zeb2_neg_R1	6034682	MamGypLTR1a:Gypsy:LTR	910	189.638278982	132	132.00	132	100.00
Orang_Guchi_Zeb2_neg_R1	6034682	L1MEb:L1:LINE	1664	92.4835195367	131	132.50	133	99.62
Orang_Guchi_Zeb2_neg_R1	6034682	MER52C:ERV1:LTR	342	87.91145163	131	137.00	140	97.85
Orang_Guchi_Zeb2_neg_R1	6034682	MER63C:AcHobo:DNA	880	163.673696876	131	132.57	134	98.93
Orang_Guchi_Zeb2_neg_R1	6034682	MLT1B-int:MaLR:LTR	453	102.970285086	131	135.57	138	98.24
Orang_Guchi_Zeb2_neg_R1	6034682	MADE1:Mariner:DNA	6360	167.151364786	130	130.00	130	100.00
Orang_Guchi_Zeb2_neg_R1	6034682	MLT1H-int:MaLR:LTR	720	148.669716961	130	133.94	134	99.95
Orang_Guchi_Zeb2_neg_R1	6034682	HERVK22-int:ERVK:LTR	307	86.3759284679	129	142.17	149	95.42
Orang_Guchi_Zeb2_neg_R1	6034682	LTR19A:ERV1:LTR	339	161.960123069	129	150.00	150	100.00
Orang_Guchi_Zeb2_neg_R1	6034682	MER57A1:ERV1:LTR	930	126.135970198	129	129.00	129	100.00
Orang_Guchi_Zeb2_neg_R1	6034682	MER21-int:ERV1:LTR	825	230.332564293	127	176.00	177	99.43
Orang_Guchi_Zeb2_neg_R1	6034682	L1MEg2:L1:LINE	663	98.6759348671	124	124.00	124	100.00
Orang_Guchi_Zeb2_neg_R1	6034682	LTR54:ERV1:LTR	1022	128.080332249	123	124.72	128	97.44
Orang_Guchi_Zeb2_neg_R1	6034682	MER11B:ERVK:LTR	522	107.811911667	123	124.00	128	96.88
Orang_Guchi_Zeb2_neg_R1	6034682	LTR13A:ERVK:LTR	172	84.9582889711	122	156.50	158	99.05
Orang_Guchi_Zeb2_neg_R1	6034682	AluJ/FRAM:Alu:SINE	1886	141.795036401	121	122.00	122	100.00
Orang_Guchi_Zeb2_neg_R1	6034682	LTR37A:ERV1:LTR	1746	78.7784982282	121	121.00	121	100.00
Orang_Guchi_Zeb2_neg_R1	6034682	MER4A1_:ERV1:LTR	344	72.7721175109	121	121.50	133	91.35
Orang_Guchi_Zeb2_neg_R1	6034682	LTR26:ERV1:LTR	561	118.785455719	120	122.25	123	99.39
Orang_Guchi_Zeb2_neg_R1	6034682	MLT1D-int:MaLR:LTR	527	55.911224208	120	121.08	122	99.25
Orang_Guchi_Zeb2_neg_R1	6034682	MER4D0:ERV1:LTR	402	30.3272898823	119	120.00	120	100.00
Orang_Guchi_Zeb2_neg_R1	6034682	MER65-int:ERV1:LTR	812	131.549458254	119	120.00	121	99.17
Orang_Guchi_Zeb2_neg_R1	6034682	MER66B:ERV1:LTR	1204	99.5812049044	119	119.00	119	100.00
Orang_Guchi_Zeb2_neg_R1	6034682	LTR36:ERV1:LTR	462	83.2258617948	118	118.00	118	100.00
Orang_Guchi_Zeb2_neg_R1	6034682	Tigger2b_Pri:MER2_type:DNA	1176	59.5018553925	118	120.50	123	97.97
Orang_Guchi_Zeb2_neg_R1	6034682	MER101-int:ERV1:LTR	1084	105.969631147	117	135.13	142	95.16
Orang_Guchi_Zeb2_neg_R1	6034682	MER34:ERV1:LTR	1210	112.132831662	117	117.00	117	100.00
Orang_Guchi_Zeb2_neg_R1	6034682	MER44B:MER2_type:DNA	1266	95.7971482773	117	120.67	126	95.77
Orang_Guchi_Zeb2_neg_R1	6034682	MER41E:ERV1:LTR	338	92.4189425989	116	140.00	129	108.53
Orang_Guchi_Zeb2_neg_R1	6034682	AluYd8:Alu:SINE	558	97.3749480347	114	120.34	153	78.65
Orang_Guchi_Zeb2_neg_R1	6034682	L1M3de:L1:LINE	455	104.856959025	114	116.00	116	100.00
Orang_Guchi_Zeb2_neg_R1	6034682	LTR89:ERVL?:LTR	1027	110.064726658	114	114.00	114	100.00
Orang_Guchi_Zeb2_neg_R1	6034682	MER66A:ERV1:LTR	312	86.7802702442	114	114.00	114	100.00
Orang_Guchi_Zeb2_neg_R1	6034682	HERV17-int:ERV1:LTR	857	80.4912126136	113	122.50	123	99.59
Orang_Guchi_Zeb2_neg_R1	6034682	LTR64:ERV1:LTR	330	79.4983195089	113	114.00	114	100.00
Orang_Guchi_Zeb2_neg_R1	6034682	LTR82A:ERVL:LTR	1002	66.7458470265	113	117.39	125	93.91
Orang_Guchi_Zeb2_neg_R1	6034682	MER4E1:ERV1:LTR	862	64.6042722408	113	118.39	127	93.22
Orang_Guchi_Zeb2_neg_R1	6034682	MER61A:ERV1:LTR	728	122.886485212	112	126.00	131	96.18
Orang_Guchi_Zeb2_neg_R1	6034682	MER63D:AcHobo:DNA	1294	63.375445011	112	112.00	112	100.00
Orang_Guchi_Zeb2_neg_R1	6034682	L5:RTE:LINE	637	140.134401946	111	113.50	114	99.56
Orang_Guchi_Zeb2_neg_R1	6034682	LTR21A:ERV1:LTR	75	78.9759267164	111	147.00	147	100.00
Orang_Guchi_Zeb2_neg_R1	6034682	Tigger9b:MER2_type:DNA	686	130.674281648	111	111.00	112	99.11
Orang_Guchi_Zeb2_neg_R1	6034682	HUERS-P1-int:ERV1:LTR	443	208.905264117	110	148.00	149	99.33
Orang_Guchi_Zeb2_neg_R1	6034682	LTR16B:ERVL:LTR	660	120.301660987	110	125.00	125	100.00
Orang_Guchi_Zeb2_neg_R1	6034682	MamRep1879:hAT?:DNA	1259	132.383024085	109	109.00	109	100.00
Orang_Guchi_Zeb2_neg_R1	6034682	MER57C1:ERV1:LTR	171	141.275049612	108	108.00	108	100.00
Orang_Guchi_Zeb2_neg_R1	6034682	MER70-int:ERVL:LTR	206	48.6114308362	108	110.75	115	96.31
Orang_Guchi_Zeb2_neg_R1	6034682	LTR51:ERV1:LTR	389	71.6101494515	107	107.67	108	99.70
Orang_Guchi_Zeb2_neg_R1	6034682	LTR9B:ERV1:LTR	633	129.667527063	107	107.00	107	100.00
Orang_Guchi_Zeb2_neg_R1	6034682	MER96:hAT:DNA	1109	130.447902218	106	106.00	106	100.00
Orang_Guchi_Zeb2_neg_R1	6034682	LTR12_:ERV1:LTR	531	138.319703241	103	127.57	149	85.61
Orang_Guchi_Zeb2_neg_R1	6034682	LTR56:ERV1:LTR	800	167.25548821	102	165.00	165	100.00
Orang_Guchi_Zeb2_neg_R1	6034682	MER97c:MER1_type?:DNA	1135	117.992327395	102	104.00	104	100.00
Orang_Guchi_Zeb2_neg_R1	6034682	Charlie3:MER1_type:DNA	312	127.505085223	101	108.50	110	98.64
Orang_Guchi_Zeb2_neg_R1	6034682	MamGypLTR1b:Gypsy:LTR	1032	95.4037100602	101	101.00	101	100.00
Orang_Guchi_Zeb2_neg_R1	6034682	L1M3a:L1:LINE	551	88.3012792577	100	103.00	103	100.00
Orang_Guchi_Zeb2_neg_R1	6034682	MamGypLTR3:Gypsy:LTR	751	114.092389798	100	106.23	107	99.28
Orang_Guchi_Zeb2_neg_R1	6034682	LTR32:ERVL:LTR	1123	130.306585441	98	101.85	108	94.30
Orang_Guchi_Zeb2_neg_R1	6034682	MER45B:Tip100:DNA	1172	87.6658478515	98	101.00	101	100.00
Orang_Guchi_Zeb2_neg_R1	6034682	MLT1C-int:MaLR:LTR	413	79.4707104186	98	107.00	107	100.00
Orang_Guchi_Zeb2_neg_R1	6034682	LTR88b:Gypsy?:LTR	1447	160.153871924	97	97.13	98	99.12
Orang_Guchi_Zeb2_neg_R1	6034682	MER90:ERV1:LTR	621	83.6523240527	97	100.83	105	96.03
Orang_Guchi_Zeb2_neg_R1	6034682	MER67A:ERV1:LTR	401	73.8620345716	96	96.40	97	99.38
Orang_Guchi_Zeb2_neg_R1	6034682	Arthur1B:Tip100:DNA	1474	97.9887039558	95	95.00	95	100.00
Orang_Guchi_Zeb2_neg_R1	6034682	LTR27:ERV1:LTR	341	72.7926886931	95	95.50	96	99.48
Orang_Guchi_Zeb2_neg_R1	6034682	LTR84b:ERVL:LTR	1037	91.5634145948	94	96.23	99	97.20
Orang_Guchi_Zeb2_neg_R1	6034682	MER51B:ERV1:LTR	664	73.6710911854	94	94.00	95	98.95
Orang_Guchi_Zeb2_neg_R1	6034682	ERVL-int:ERVL:LTR	956	102.195036508	93	108.00	108	100.00
Orang_Guchi_Zeb2_neg_R1	6034682	LTR16D:ERVL:LTR	1007	140.122044833	93	93.00	93	100.00
Orang_Guchi_Zeb2_neg_R1	6034682	MER47C:MER2_type:DNA	677	90.3205626222	93	93.00	93	100.00
Orang_Guchi_Zeb2_neg_R1	6034682	MLT1A0-int:MaLR:LTR	834	78.5125163633	93	112.00	112	100.00
Orang_Guchi_Zeb2_neg_R1	6034682	MLT1J2-int:MaLR:LTR	522	80.5981030326	93	93.00	93	100.00
Orang_Guchi_Zeb2_neg_R1	6034682	Zaphod:Tip100:DNA	1824	104.633197643	93	95.50	97	98.45
Orang_Guchi_Zeb2_neg_R1	6034682	MamGypLTR1c:Gypsy:LTR	1005	124.215186345	92	92.50	93	99.46
Orang_Guchi_Zeb2_neg_R1	6034682	LTR37B:ERV1:LTR	1693	116.753257043	90	90.00	90	100.00
Orang_Guchi_Zeb2_neg_R1	6034682	MLT1A-int:MaLR:LTR	394	35.5600176314	90	93.90	96	97.82
Orang_Guchi_Zeb2_neg_R1	6034682	BLACKJACK:AcHobo:DNA	1914	104.240804402	88	88.00	88	100.00
Orang_Guchi_Zeb2_neg_R1	6034682	Charlie7a:MER1_type:DNA	1277	107.607854169	88	88.50	89	99.44
Orang_Guchi_Zeb2_neg_R1	6034682	HERVK11-int:ERVK:LTR	241	107.804029545	88	91.00	91	100.00
Orang_Guchi_Zeb2_neg_R1	6034682	LTR10F:ERV1:LTR	388	107.050747369	88	93.72	95	98.66
Orang_Guchi_Zeb2_neg_R1	6034682	MER4C:ERV1:LTR	1100	67.9664719864	88	88.00	88	100.00
Orang_Guchi_Zeb2_neg_R1	6034682	LTR22A:ERVK:LTR	169	46.5136889349	87	93.83	95	98.77
Orang_Guchi_Zeb2_neg_R1	6034682	LTR3B_:ERVK:LTR	236	37.6701239767	87	88.00	88	100.00
Orang_Guchi_Zeb2_neg_R1	6034682	LTR72:ERV1:LTR	137	108.075939125	87	87.00	88	98.86
Orang_Guchi_Zeb2_neg_R1	6034682	L1M3f:L1:LINE	685	89.6041596238	86	86.00	94	91.49
Orang_Guchi_Zeb2_neg_R1	6034682	MER68-int:ERVL:LTR	310	32.2170247606	86	89.47	98	91.30
Orang_Guchi_Zeb2_neg_R1	6034682	LTR3:ERVK:LTR	75	40.038852946	85	121.66	128	95.05
Orang_Guchi_Zeb2_neg_R1	6034682	Charlie25:MER1_type:DNA	883	118.103749542	84	89.00	89	100.00
Orang_Guchi_Zeb2_neg_R1	6034682	Charlie26a:MER1_type:DNA	462	118.617661341	84	84.00	84	100.00
Orang_Guchi_Zeb2_neg_R1	6034682	LTR27B:ERV1:LTR	527	67.768215775	84	84.00	84	100.00
Orang_Guchi_Zeb2_neg_R1	6034682	LTR47A:ERVL:LTR	763	111.314194446	84	84.00	84	100.00
Orang_Guchi_Zeb2_neg_R1	6034682	LTR62:ERVL:LTR	268	51.1023178699	84	84.81	86	98.61
Orang_Guchi_Zeb2_neg_R1	6034682	PABL_B-int:ERV1:LTR	213	75.1158552809	84	103.00	103	100.00
Orang_Guchi_Zeb2_neg_R1	6034682	L1M3e:L1:LINE	754	68.0212210849	83	83.00	83	100.00
Orang_Guchi_Zeb2_neg_R1	6034682	LTR10E:ERV1:LTR	250	52.9694635878	83	83.00	83	100.00
Orang_Guchi_Zeb2_neg_R1	6034682	LTR33C:ERVL:LTR	863	108.906821291	83	83.00	83	100.00
Orang_Guchi_Zeb2_neg_R1	6034682	LTR81C:ERV1?:LTR	684	98.0467358398	83	83.00	83	100.00
Orang_Guchi_Zeb2_neg_R1	6034682	LTR19C:ERV1:LTR	191	60.2838987646	82	82.00	82	100.00
Orang_Guchi_Zeb2_neg_R1	6034682	MLT1E:MaLR:LTR	808	114.519940664	82	82.00	82	100.00
Orang_Guchi_Zeb2_neg_R1	6034682	LTR14B:ERVK:LTR	319	49.6998125728	81	81.99	85	96.46
Orang_Guchi_Zeb2_neg_R1	6034682	MER54B:ERVL:LTR	400	52.1392386943	81	82.63	98	84.32
Orang_Guchi_Zeb2_neg_R1	6034682	MER57E1:ERV1:LTR	454	84.8961710046	81	82.00	82	100.00
Orang_Guchi_Zeb2_neg_R1	6034682	L1M2a:L1:LINE	464	58.485185301	80	83.00	86	96.51
Orang_Guchi_Zeb2_neg_R1	6034682	MamGypLTR2:Gypsy:LTR	399	92.8681318742	80	84.04	89	94.43
Orang_Guchi_Zeb2_neg_R1	6034682	AluYg6:Alu:SINE	164	27.9785991507	79	81.00	83	97.59
Orang_Guchi_Zeb2_neg_R1	6034682	L1M3b:L1:LINE	562	91.239793451	79	79.00	79	100.00
Orang_Guchi_Zeb2_neg_R1	6034682	LTR25-int:ERV1:LTR	342	74.6803937443	79	80.00	80	100.00
Orang_Guchi_Zeb2_neg_R1	6034682	LTR76:ERV1:LTR	135	33.6375439626	79	79.00	79	100.00
Orang_Guchi_Zeb2_neg_R1	6034682	MER4D:ERV1:LTR	1198	65.2227063989	79	89.63	94	95.35
Orang_Guchi_Zeb2_neg_R1	6034682	MER6B:MER2_type:DNA	554	74.4371300265	79	80.00	80	100.00
Orang_Guchi_Zeb2_neg_R1	6034682	MER70A:ERVL:LTR	454	98.777510148	79	79.50	80	99.38
Orang_Guchi_Zeb2_neg_R1	6034682	LTR57-int:ERVL:LTR	311	92.2253707528	78	78.50	81	96.91
Orang_Guchi_Zeb2_neg_R1	6034682	MER61B:ERV1:LTR	372	104.250803555	78	78.00	78	100.00
Orang_Guchi_Zeb2_neg_R1	6034682	Charlie21a:MER1_type:DNA	638	69.7397488517	76	76.45	77	99.29
Orang_Guchi_Zeb2_neg_R1	6034682	MamGypLTR1d:Gypsy:LTR	672	99.6841514946	76	76.00	78	97.44
Orang_Guchi_Zeb2_neg_R1	6034682	LTR81B:ERV1?:LTR	1051	117.727114288	75	75.00	75	100.00
Orang_Guchi_Zeb2_neg_R1	6034682	MLT2C2:ERVL:LTR	1229	125.195552915	75	100.32	105	95.54
Orang_Guchi_Zeb2_neg_R1	6034682	LTR26E:ERV1:LTR	260	66.1394501232	74	76.82	77	99.77
Orang_Guchi_Zeb2_neg_R1	6034682	LTR54B:ERV1:LTR	726	68.7846024617	74	75.00	76	98.68
Orang_Guchi_Zeb2_neg_R1	6034682	MER76:ERVL:LTR	627	93.2422963449	74	74.00	74	100.00
Orang_Guchi_Zeb2_neg_R1	6034682	ORSL:Tip100:DNA	1033	80.993370259	74	74.60	75	99.46
Orang_Guchi_Zeb2_neg_R1	6034682	LTR45C:ERV1:LTR	375	67.534428091	73	73.00	73	100.00
Orang_Guchi_Zeb2_neg_R1	6034682	MER34B:ERV1:LTR	594	72.2125135358	73	73.50	74	99.32
Orang_Guchi_Zeb2_neg_R1	6034682	MLT1I-int:MaLR:LTR	730	70.8013384147	73	77.72	86	90.38
Orang_Guchi_Zeb2_neg_R1	6034682	Kanga11a:Tc2:DNA	740	71.6304397198	72	72.01	74	97.31
Orang_Guchi_Zeb2_neg_R1	6034682	MER50-int:ERV1:LTR	467	62.6878874497	72	77.00	77	100.00
Orang_Guchi_Zeb2_neg_R1	6034682	Ricksha_c:MuDR:DNA	989	46.5935622523	72	72.00	72	100.00
Orang_Guchi_Zeb2_neg_R1	6034682	FLAM:Alu:SINE	1142	107.135435243	71	72.00	72	100.00
Orang_Guchi_Zeb2_neg_R1	6034682	LTR45B:ERV1:LTR	374	59.7486200102	71	71.00	71	100.00
Orang_Guchi_Zeb2_neg_R1	6034682	LTR22C:ERVK:LTR	309	58.2879899692	70	70.02	72	97.24
Orang_Guchi_Zeb2_neg_R1	6034682	LTR65:ERV1:LTR	395	76.2037364536	69	69.00	69	100.00
Orang_Guchi_Zeb2_neg_R1	6034682	MLT2E:ERVL:LTR	351	52.7302294092	69	69.00	69	100.00
Orang_Guchi_Zeb2_neg_R1	6034682	PRIMA4_LTR:ERV1:LTR	322	51.7639980545	69	70.50	72	97.92
Orang_Guchi_Zeb2_neg_R1	6034682	HERVP71A-int:ERV1:LTR	202	79.1696184786	68	68.00	68	100.00
Orang_Guchi_Zeb2_neg_R1	6034682	LTR19-int:ERV1:LTR	160	94.2489426705	67	67.00	67	100.00
Orang_Guchi_Zeb2_neg_R1	6034682	Charlie23a:MER1_type:DNA	1238	87.7054073136	66	67.00	67	100.00
Orang_Guchi_Zeb2_neg_R1	6034682	HERVIP10FH-int:ERV1:LTR	564	63.9744883329	66	66.00	66	100.00
Orang_Guchi_Zeb2_neg_R1	6034682	Tigger3d:MER2_type:DNA	400	57.6918799188	66	66.00	66	100.00
Orang_Guchi_Zeb2_neg_R1	6034682	LTR12F:ERV1:LTR	503	82.7929803115	65	73.11	75	97.49
Orang_Guchi_Zeb2_neg_R1	6034682	LTR31:ERV1:LTR	220	31.7402057442	65	66.50	67	99.25
Orang_Guchi_Zeb2_neg_R1	6034682	LTR47B:ERVL:LTR	327	50.2582124572	65	67.11	70	95.87
Orang_Guchi_Zeb2_neg_R1	6034682	LTR88c:Genie?:LTR	1091	82.6041539729	65	65.00	65	100.00
Orang_Guchi_Zeb2_neg_R1	6034682	MER110A:ERV1:LTR	568	82.5930219174	65	65.00	65	100.00
Orang_Guchi_Zeb2_neg_R1	6034682	MER47B:MER2_type:DNA	666	78.9868659506	65	68.00	68	100.00
Orang_Guchi_Zeb2_neg_R1	6034682	MER96B:hAT:DNA	1828	104.229383016	65	86.36	87	99.26
Orang_Guchi_Zeb2_neg_R1	6034682	LTR26B:ERV1:LTR	400	97.3263571235	64	64.50	65	99.23
Orang_Guchi_Zeb2_neg_R1	6034682	MamRep488:hAT:DNA	407	60.0220686089	64	64.00	64	100.00
Orang_Guchi_Zeb2_neg_R1	6034682	HUERS-P3b-int:ERV1:LTR	381	44.4094774659	63	65.00	65	100.00
Orang_Guchi_Zeb2_neg_R1	6034682	LTR46-int:ERV1:LTR	78	17.7046934761	63	64.00	64	100.00
Orang_Guchi_Zeb2_neg_R1	6034682	MER51D:ERV1:LTR	136	62.9903683628	63	69.73	73	95.52
Orang_Guchi_Zeb2_neg_R1	6034682	LTR88a:Gypsy:LTR	826	74.1538542872	62	62.00	62	100.00
Orang_Guchi_Zeb2_neg_R1	6034682	Charlie24:MER1_type:DNA	1093	66.2382481354	61	66.42	68	97.68
Orang_Guchi_Zeb2_neg_R1	6034682	MER58D:MER1_type:DNA	699	72.777632294	61	61.00	61	100.00
Orang_Guchi_Zeb2_neg_R1	6034682	MER61E:ERV1:LTR	279	12.8500657567	61	62.00	62	100.00
Orang_Guchi_Zeb2_neg_R1	6034682	MER65A:ERV1:LTR	1220	42.758122764	61	62.00	63	98.41
Orang_Guchi_Zeb2_neg_R1	6034682	Charlie10a:MER1_type:DNA	244	44.6269475608	60	60.00	60	100.00
Orang_Guchi_Zeb2_neg_R1	6034682	LTR75:ERVL:LTR	339	83.8192749471	60	61.00	61	100.00
Orang_Guchi_Zeb2_neg_R1	6034682	MER106B:MER1_type:DNA	725	72.2466104297	60	60.00	60	100.00
Orang_Guchi_Zeb2_neg_R1	6034682	PABL_A:ERV1:LTR	468	57.344321864	60	61.00	62	98.39
Orang_Guchi_Zeb2_neg_R1	6034682	MER57B1:ERV1:LTR	906	50.2737146768	59	59.00	59	100.00
Orang_Guchi_Zeb2_neg_R1	6034682	PABL_A-int:ERV1:LTR	385	46.1656336667	59	64.70	73	88.63
Orang_Guchi_Zeb2_neg_R1	6034682	LTR6B:ERV1:LTR	119	87.5898072443	58	75.00	75	100.00
Orang_Guchi_Zeb2_neg_R1	6034682	MER105:DNA:DNA	630	87.8835890269	58	59.00	59	100.00
Orang_Guchi_Zeb2_neg_R1	6034682	MER51C:ERV1:LTR	143	37.1583788015	58	62.35	63	98.96
Orang_Guchi_Zeb2_neg_R1	6034682	PRIMA41-int:ERV1:LTR	386	55.6350397281	58	61.00	64	95.32
Orang_Guchi_Zeb2_neg_R1	6034682	Zaphod2:Tip100:DNA	553	12.8971202571	58	59.00	59	100.00
Orang_Guchi_Zeb2_neg_R1	6034682	LTR23:ERV1:LTR	733	41.9514044996	57	60.50	61	99.18
Orang_Guchi_Zeb2_neg_R1	6034682	Kanga1c:Tc2:DNA	535	80.8332219275	56	56.00	56	100.00
Orang_Guchi_Zeb2_neg_R1	6034682	L1MDb:L1:LINE	886	64.0637337849	56	61.88	71	87.15
Orang_Guchi_Zeb2_neg_R1	6034682	MER41D:ERV1:LTR	373	47.9254416046	56	56.00	56	100.00
Orang_Guchi_Zeb2_neg_R1	6034682	MER50B:ERV1:LTR	613	80.9118291837	56	69.00	69	100.00
Orang_Guchi_Zeb2_neg_R1	6034682	MLT1A1-int:MaLR:LTR	424	37.0271201125	56	74.00	74	100.00
Orang_Guchi_Zeb2_neg_R1	6034682	MSTB1-int:MaLR:LTR	183	43.545203748	56	56.00	56	100.00
Orang_Guchi_Zeb2_neg_R1	6034682	Charlie13a:Charlie:DNA	481	63.3387509797	55	56.00	57	98.25
Orang_Guchi_Zeb2_neg_R1	6034682	L1MEg1:L1:LINE	730	53.5378279081	55	56.68	86	65.91
Orang_Guchi_Zeb2_neg_R1	6034682	LTR18B:ERVL:LTR	357	82.0326438863	55	58.00	58	100.00
Orang_Guchi_Zeb2_neg_R1	6034682	MER51-int:ERV1:LTR	469	45.7627999652	55	56.00	56	100.00
Orang_Guchi_Zeb2_neg_R1	6034682	MER66C:ERV1:LTR	564	41.6391329549	55	55.00	55	100.00
Orang_Guchi_Zeb2_neg_R1	6034682	MER89-int:ERV1:LTR	543	50.5918818511	55	56.77	58	97.87
Orang_Guchi_Zeb2_neg_R1	6034682	Ricksha_0:MuDR:DNA	328	35.4211182063	55	55.00	55	100.00
Orang_Guchi_Zeb2_neg_R1	6034682	SVA_B:Other:Other	26	13.0148930724	55	63.47	69	91.98
Orang_Guchi_Zeb2_neg_R1	6034682	Arthur1A:Tip100:DNA	986	67.3140235777	54	54.00	54	100.00
Orang_Guchi_Zeb2_neg_R1	6034682	L1P4a:L1:LINE	596	40.3330516603	53	53.00	53	100.00
Orang_Guchi_Zeb2_neg_R1	6034682	MER4E:ERV1:LTR	647	47.0726406121	53	66.24	77	86.03
Orang_Guchi_Zeb2_neg_R1	6034682	ORSL-2b:Tip100:DNA	600	79.0213847727	53	53.89	56	96.24
Orang_Guchi_Zeb2_neg_R1	6034682	FordPrefect:Tip100:DNA	512	67.545815859	52	53.00	64	82.81
Orang_Guchi_Zeb2_neg_R1	6034682	MER110:ERV1:LTR	639	67.9044760437	52	52.00	52	100.00
Orang_Guchi_Zeb2_neg_R1	6034682	MER89:ERV1:LTR	1192	57.8746763367	52	55.08	56	98.36
Orang_Guchi_Zeb2_neg_R1	6034682	LTR1C:ERV1:LTR	225	49.2348954628	51	52.85	53	99.72
Orang_Guchi_Zeb2_neg_R1	6034682	LTR29:ERV1:LTR	633	43.8914773449	50	50.00	50	100.00
Orang_Guchi_Zeb2_neg_R1	6034682	LTR85c:Gypsy?:LTR	988	141.878295642	50	99.00	104	95.19
Orang_Guchi_Zeb2_neg_R1	6034682	MER34C_:ERV1:LTR	829	37.6400762369	50	50.00	50	100.00
Orang_Guchi_Zeb2_neg_R1	6034682	MLT2B5:ERVL:LTR	308	69.5204394316	50	50.00	50	100.00
Orang_Guchi_Zeb2_neg_R1	6034682	L1M3d:L1:LINE	513	59.5731404364	49	49.50	50	99.00
Orang_Guchi_Zeb2_neg_R1	6034682	LTR73:ERV1:LTR	178	38.4245299156	49	57.93	71	81.59
Orang_Guchi_Zeb2_neg_R1	6034682	MER57C2:ERV1:LTR	393	24.9137276339	49	49.00	49	100.00
Orang_Guchi_Zeb2_neg_R1	6034682	Tigger16a:Tigger:DNA	584	60.549846005	49	49.00	49	100.00
Orang_Guchi_Zeb2_neg_R1	6034682	MER41C:ERV1:LTR	762	81.5372100252	48	74.50	53	140.56
Orang_Guchi_Zeb2_neg_R1	6034682	MER52-int:ERV1:LTR	425	19.5419206691	48	48.00	48	100.00
Orang_Guchi_Zeb2_neg_R1	6034682	LTR17:ERV1:LTR	767	71.1429101078	47	70.50	52	135.58
Orang_Guchi_Zeb2_neg_R1	6034682	LTR77:ERV1:LTR	116	80.1961396141	47	47.00	47	100.00
Orang_Guchi_Zeb2_neg_R1	6034682	LTR3A:ERVK:LTR	139	33.6691129805	46	50.46	51	98.95
Orang_Guchi_Zeb2_neg_R1	6034682	LTR6A:ERV1:LTR	190	47.897612092	46	60.00	61	98.36
Orang_Guchi_Zeb2_neg_R1	6034682	Tigger11a:MER2_type:DNA	379	20.8311753768	46	46.00	46	100.00
Orang_Guchi_Zeb2_neg_R1	6034682	Tigger12A:MER2_type:DNA	465	50.6899783242	46	46.01	49	93.90
Orang_Guchi_Zeb2_neg_R1	6034682	Tigger6b:MER2_type:DNA	204	39.5153377018	46	46.00	46	100.00
Orang_Guchi_Zeb2_neg_R1	6034682	L1P4e:L1:LINE	177	56.1606280658	45	45.00	45	100.00
Orang_Guchi_Zeb2_neg_R1	6034682	LTR71A:ERV1:LTR	149	35.5181778642	45	45.00	45	100.00
Orang_Guchi_Zeb2_neg_R1	6034682	LTR86A1:ERVL:LTR	458	42.0416837292	45	45.00	45	100.00
Orang_Guchi_Zeb2_neg_R1	6034682	MER75:PiggyBac:DNA	434	22.8404914535	45	45.50	46	98.91
Orang_Guchi_Zeb2_neg_R1	6034682	MER83:ERV1:LTR	405	30.0363982945	45	45.00	45	100.00
Orang_Guchi_Zeb2_neg_R1	6034682	HERVL74-int:ERVL:LTR	590	40.9613595626	44	44.00	44	100.00
Orang_Guchi_Zeb2_neg_R1	6034682	L1M:L1:LINE	816	33.8422322325	44	45.00	45	100.00
Orang_Guchi_Zeb2_neg_R1	6034682	MER101:ERV1:LTR	319	42.0436509989	44	45.00	45	100.00
Orang_Guchi_Zeb2_neg_R1	6034682	MER83C:ERV1:LTR	128	36.5212939859	44	44.00	44	100.00
Orang_Guchi_Zeb2_neg_R1	6034682	Kanga1b:Tc2:DNA	333	61.5343792586	43	44.52	48	92.74
Orang_Guchi_Zeb2_neg_R1	6034682	L1HS:L1:LINE	125	41.0039479877	43	84.37	201	41.98
Orang_Guchi_Zeb2_neg_R1	6034682	MER70B:ERVL:LTR	459	30.5235625446	43	44.62	45	99.16
Orang_Guchi_Zeb2_neg_R1	6034682	Ricksha:MuDR:DNA	263	28.4944217358	43	43.00	43	100.00
Orang_Guchi_Zeb2_neg_R1	6034682	MER61F:ERV1:LTR	125	32.248602798	42	46.01	50	92.02
Orang_Guchi_Zeb2_neg_R1	6034682	LTR14C:ERVK:LTR	77	47.1922128626	41	41.00	41	100.00
Orang_Guchi_Zeb2_neg_R1	6034682	MER6:MER2_type:DNA	761	27.7029684941	41	41.33	42	98.41
Orang_Guchi_Zeb2_neg_R1	6034682	PRIMA4-int:ERV1:LTR	575	55.0016518274	41	52.63	56	93.98
Orang_Guchi_Zeb2_neg_R1	6034682	HERVK14-int:ERVK:LTR	355	53.096511302	40	40.00	40	100.00
Orang_Guchi_Zeb2_neg_R1	6034682	MER67D:ERV1:LTR	915	54.7586602228	40	40.00	40	100.00
Orang_Guchi_Zeb2_neg_R1	6034682	MLT1G-int:MaLR:LTR	144	16.0541355861	40	40.00	40	100.00
Orang_Guchi_Zeb2_neg_R1	6034682	MamGypLTR2c:Gypsy:LTR	928	47.6523653961	40	40.00	40	100.00
Orang_Guchi_Zeb2_neg_R1	6034682	Charlie13b:Charlie:DNA	344	49.2330847989	39	39.00	41	95.12
Orang_Guchi_Zeb2_neg_R1	6034682	MER48:ERV1:LTR	176	43.2486632437	39	41.54	42	98.91
Orang_Guchi_Zeb2_neg_R1	6034682	HERV35I-int:ERV1:LTR	470	66.4953188557	38	38.50	39	98.72
Orang_Guchi_Zeb2_neg_R1	6034682	MER106A:MER1_type:DNA	634	32.4943630608	38	38.00	38	100.00
Orang_Guchi_Zeb2_neg_R1	6034682	MLT1F-int:MaLR:LTR	460	8.9382759581	38	39.00	39	100.00
Orang_Guchi_Zeb2_neg_R1	6034682	MSTC-int:MaLR:LTR	153	27.3322757326	38	38.00	54	70.37
Orang_Guchi_Zeb2_neg_R1	6034682	LTR52-int:ERVL:LTR	247	46.7389423862	37	37.00	37	100.00
Orang_Guchi_Zeb2_neg_R1	6034682	LTR61:ERV1:LTR	110	32.9418303938	37	38.00	38	100.00
Orang_Guchi_Zeb2_neg_R1	6034682	MLT1G1-int:MaLR:LTR	267	45.2097929592	37	37.00	37	100.00
Orang_Guchi_Zeb2_neg_R1	6034682	LTR21B:ERV1:LTR	49	16.8915398793	36	36.00	36	100.00
Orang_Guchi_Zeb2_neg_R1	6034682	LTR25:ERV1:LTR	131	32.3749824328	36	38.00	38	100.00
Orang_Guchi_Zeb2_neg_R1	6034682	MER87:ERV1:LTR	341	37.637113406	36	36.00	36	100.00
Orang_Guchi_Zeb2_neg_R1	6034682	LTR4:ERV1:LTR	77	16.8467722391	35	35.00	35	100.00
Orang_Guchi_Zeb2_neg_R1	6034682	HERVS71-int:ERV1:LTR	106	33.1702173904	34	34.00	34	100.00
Orang_Guchi_Zeb2_neg_R1	6034682	LTR46:ERV1:LTR	204	38.1634965825	34	34.00	34	100.00
Orang_Guchi_Zeb2_neg_R1	6034682	LTR86C:ERVL:LTR	253	23.7970165535	34	35.01	37	94.62
Orang_Guchi_Zeb2_neg_R1	6034682	MER110-int:ERV1:LTR	334	35.3906911848	34	34.00	34	100.00
Orang_Guchi_Zeb2_neg_R1	6034682	MER34-int:ERV1:LTR	331	53.6737521914	34	37.00	37	100.00
Orang_Guchi_Zeb2_neg_R1	6034682	MER57D:ERV1:LTR	442	34.3160169756	34	36.50	37	98.65
Orang_Guchi_Zeb2_neg_R1	6034682	HERV1_LTRd:ERV1:LTR	13	29.375085293	33	33.00	33	100.00
Orang_Guchi_Zeb2_neg_R1	6034682	L1P4d:L1:LINE	169	50.3400249538	33	33.00	33	100.00
Orang_Guchi_Zeb2_neg_R1	6034682	LTR19B:ERV1:LTR	219	38.3845114382	33	33.00	33	100.00
Orang_Guchi_Zeb2_neg_R1	6034682	Arthur1C:Tip100:DNA	443	51.8185707233	32	32.50	33	98.48
Orang_Guchi_Zeb2_neg_R1	6034682	HERVL18-int:ERVL:LTR	524	22.8721388265	32	35.00	35	100.00
Orang_Guchi_Zeb2_neg_R1	6034682	LOR1b:ERV1:LTR	948	56.8676362794	32	44.57	70	63.67
Orang_Guchi_Zeb2_neg_R1	6034682	LTR34:ERV1:LTR	329	27.391416741	32	33.00	33	100.00
Orang_Guchi_Zeb2_neg_R1	6034682	LTR55:ERV:LTR	369	38.6829650242	32	32.00	32	100.00
Orang_Guchi_Zeb2_neg_R1	6034682	LTR86B1:ERVL:LTR	278	25.6256845325	32	32.00	32	100.00
Orang_Guchi_Zeb2_neg_R1	6034682	MER34C:ERV1:LTR	150	16.1984777277	32	32.00	32	100.00
Orang_Guchi_Zeb2_neg_R1	6034682	Kanga1a:Tc2:DNA	628	24.1338197974	31	31.50	32	98.44
Orang_Guchi_Zeb2_neg_R1	6034682	LTR16D1:ERVL:LTR	184	43.6626882482	31	31.00	31	100.00
Orang_Guchi_Zeb2_neg_R1	6034682	LTR68:ERV1:LTR	325	47.7009224101	31	31.00	32	96.88
Orang_Guchi_Zeb2_neg_R1	6034682	LTR83:ERVL:LTR	638	32.825900931	31	33.00	33	100.00
Orang_Guchi_Zeb2_neg_R1	6034682	Tigger9a:Tigger:DNA	911	38.4488695549	31	35.33	36	98.15
Orang_Guchi_Zeb2_neg_R1	6034682	LTR18A:ERVL:LTR	237	47.980357087	29	29.00	29	100.00
Orang_Guchi_Zeb2_neg_R1	6034682	HERVFH21-int:ERV1:LTR	74	27.7013394384	28	28.00	28	100.00
Orang_Guchi_Zeb2_neg_R1	6034682	MER73:ERVL:LTR	241	67.2061272569	28	40.00	40	100.00
Orang_Guchi_Zeb2_neg_R1	6034682	MamGypLTR2b:Gypsy:LTR	779	44.8515004595	28	28.00	28	100.00
Orang_Guchi_Zeb2_neg_R1	6034682	Charlie11:MER1_type:DNA	89	3.01691591778	27	27.00	27	100.00
Orang_Guchi_Zeb2_neg_R1	6034682	Charlie20a:Charlie:DNA	731	22.5278310258	27	27.00	27	100.00
Orang_Guchi_Zeb2_neg_R1	6034682	HERVFH19-int:ERV1:LTR	102	24.0541997961	27	27.00	27	100.00
Orang_Guchi_Zeb2_neg_R1	6034682	LTR24B:ERV1:LTR	402	28.3408483324	27	28.00	28	100.00
Orang_Guchi_Zeb2_neg_R1	6034682	MER34D:ERV1:LTR	244	25.845488651	27	28.00	29	96.55
Orang_Guchi_Zeb2_neg_R1	6034682	MER44D:MER2_type:DNA	556	17.8770436513	27	27.50	28	98.21
Orang_Guchi_Zeb2_neg_R1	6034682	MER61D:ERV1:LTR	234	14.2556506985	27	28.54	30	95.13
Orang_Guchi_Zeb2_neg_R1	6034682	MLT1J1-int:MaLR:LTR	419	42.9495336698	26	29.00	29	100.00
Orang_Guchi_Zeb2_neg_R1	6034682	MER11D:ERVK:LTR	212	54.001625595	25	47.50	52	91.35
Orang_Guchi_Zeb2_neg_R1	6034682	MER72B:ERV1:LTR	160	19.0033044132	25	25.00	25	100.00
Orang_Guchi_Zeb2_neg_R1	6034682	MER97a:MER1_type?:DNA	312	34.9407530332	25	29.91	31	96.49
Orang_Guchi_Zeb2_neg_R1	6034682	Charlie10b:MER1_type:DNA	243	26.8996614264	24	40.00	41	97.56
Orang_Guchi_Zeb2_neg_R1	6034682	HERV30-int:ERV1:LTR	64	20.0593534662	24	24.50	26	94.23
Orang_Guchi_Zeb2_neg_R1	6034682	MER57E2:ERV1:LTR	154	29.403613324	24	24.00	24	100.00
Orang_Guchi_Zeb2_neg_R1	6034682	MER84-int:ERV1:LTR	107	11.7947537951	24	24.00	24	100.00
Orang_Guchi_Zeb2_neg_R1	6034682	HERV1_LTRa:ERV1:LTR	27	27.5456420998	23	23.00	23	100.00
Orang_Guchi_Zeb2_neg_R1	6034682	LTR10D:ERV1:LTR	176	18.8634433854	23	23.00	23	100.00
Orang_Guchi_Zeb2_neg_R1	6034682	LTR16D2:ERVL:LTR	246	41.5657561411	23	23.00	23	100.00
Orang_Guchi_Zeb2_neg_R1	6034682	LTR45:ERV1:LTR	152	38.1590722587	23	23.00	23	100.00
Orang_Guchi_Zeb2_neg_R1	6034682	MER107:DNA:DNA	269	38.7174907464	23	23.00	23	100.00
Orang_Guchi_Zeb2_neg_R1	6034682	MER51E:ERV1:LTR	216	38.8957849261	23	23.00	23	100.00
Orang_Guchi_Zeb2_neg_R1	6034682	PRIMAX-int:ERV1:LTR	312	15.8320696552	23	24.00	25	96.00
Orang_Guchi_Zeb2_neg_R1	6034682	LTR38B:ERV1:LTR	194	24.1818763786	22	22.00	22	100.00
Orang_Guchi_Zeb2_neg_R1	6034682	Looper:PiggyBac:DNA	456	19.1040862838	22	22.00	22	100.00
Orang_Guchi_Zeb2_neg_R1	6034682	MER41G:ERV1:LTR	101	28.6909997893	22	26.46	28	94.49
Orang_Guchi_Zeb2_neg_R1	6034682	MER5C1:MER1_type:DNA	454	27.3505142212	22	22.00	22	100.00
Orang_Guchi_Zeb2_neg_R1	6034682	MER83B-int:ERV1:LTR	267	28.3126718411	22	22.00	22	100.00
Orang_Guchi_Zeb2_neg_R1	6034682	L1M2a1:L1:LINE	120	16.414552378	21	21.00	21	100.00
Orang_Guchi_Zeb2_neg_R1	6034682	LTR80B:ERVL:LTR	431	13.5860861836	21	21.00	21	100.00
Orang_Guchi_Zeb2_neg_R1	6034682	MER95:ERV:LTR	162	17.948867735	20	23.77	28	84.89
Orang_Guchi_Zeb2_neg_R1	6034682	PABL_B:ERV1:LTR	301	18.4340011599	20	20.00	20	100.00
Orang_Guchi_Zeb2_neg_R1	6034682	LTR13_:ERVK:LTR	26	10.9907461926	19	20.00	20	100.00
Orang_Guchi_Zeb2_neg_R1	6034682	LTR43-int:ERV1:LTR	65	11.9506167527	19	19.00	19	100.00
Orang_Guchi_Zeb2_neg_R1	6034682	LTR57:ERVL:LTR	216	22.9454281846	19	19.00	19	100.00
Orang_Guchi_Zeb2_neg_R1	6034682	LTR60:ERV1:LTR	229	27.8204197434	19	20.50	20	102.50
Orang_Guchi_Zeb2_neg_R1	6034682	LTR86B2:ERVL:LTR	236	31.3260544135	19	19.00	19	100.00
Orang_Guchi_Zeb2_neg_R1	6034682	MLT1F2-int:MaLR:LTR	240	35.6824009419	19	24.00	24	100.00
Orang_Guchi_Zeb2_neg_R1	6034682	MLT1H2-int:MaLR:LTR	305	26.1975615352	19	19.00	19	100.00
Orang_Guchi_Zeb2_neg_R1	6034682	Ricksha_b:MuDR:DNA	102	25.2427063218	19	21.00	21	100.00
Orang_Guchi_Zeb2_neg_R1	6034682	L1PBb:L1:LINE	263	15.6212241894	18	19.00	19	100.00
Orang_Guchi_Zeb2_neg_R1	6034682	LTR30:ERV1:LTR	127	13.7786737403	18	18.00	18	100.00
Orang_Guchi_Zeb2_neg_R1	6034682	LTR38-int:ERV1:LTR	117	18.1728666409	18	18.00	18	100.00
Orang_Guchi_Zeb2_neg_R1	6034682	LTR81A:ERV1?:LTR	885	24.2893389315	18	18.00	18	100.00
Orang_Guchi_Zeb2_neg_R1	6034682	MLT1E3-int:MaLR:LTR	73	13.801425888	18	18.00	18	100.00
Orang_Guchi_Zeb2_neg_R1	6034682	ALINE:RTE:LINE	250	11.9755049673	17	17.00	17	100.00
Orang_Guchi_Zeb2_neg_R1	6034682	LTR24:ERV1:LTR	272	11.5753195678	17	17.00	17	100.00
Orang_Guchi_Zeb2_neg_R1	6034682	MER57F:ERV1:LTR	373	22.8959044019	17	18.00	19	94.74
Orang_Guchi_Zeb2_neg_R1	6034682	MER83A-int:ERV1:LTR	79	7.11376223789	17	17.00	17	100.00
Orang_Guchi_Zeb2_neg_R1	6034682	HERVKC4-int:ERVK:LTR	32	18.768971114	16	27.00	27	100.00
Orang_Guchi_Zeb2_neg_R1	6034682	LTR69:ERVL:LTR	126	11.8018121097	16	16.00	16	100.00
Orang_Guchi_Zeb2_neg_R1	6034682	HERV1_I-int:ERV1:LTR	57	16.4058718816	15	15.00	15	100.00
Orang_Guchi_Zeb2_neg_R1	6034682	L1M2b:L1:LINE	236	15.5872248525	15	16.00	16	100.00
Orang_Guchi_Zeb2_neg_R1	6034682	LTR44:ERV1:LTR	169	5.30788510354	15	15.00	15	100.00
Orang_Guchi_Zeb2_neg_R1	6034682	MER99:hAT?:DNA	251	13.0027915656	15	15.05	17	88.56
Orang_Guchi_Zeb2_neg_R1	6034682	Merlin1_HS:Merlin:DNA	40	19.162012212	15	15.00	15	100.00
Orang_Guchi_Zeb2_neg_R1	6034682	HERV15-int:ERV1:LTR	69	17.9876931635	14	14.00	14	100.00
Orang_Guchi_Zeb2_neg_R1	6034682	HERVK13-int:ERVK:LTR	44	9.63904738639	14	15.00	16	93.75
Orang_Guchi_Zeb2_neg_R1	6034682	L1MEa:L1:LINE	352	9.73813668182	14	14.00	14	100.00
Orang_Guchi_Zeb2_neg_R1	6034682	LTR72B:ERV1:LTR	170	20.3583844125	14	14.00	14	100.00
Orang_Guchi_Zeb2_neg_R1	6034682	LTR90B:LTR:LTR	478	18.3295731801	14	14.00	14	100.00
Orang_Guchi_Zeb2_neg_R1	6034682	MSTB2-int:MaLR:LTR	84	11.5640484175	14	14.00	14	100.00
Orang_Guchi_Zeb2_neg_R1	6034682	AluYb8:Alu:SINE	154	22.270232818	13	16.99	31	54.81
Orang_Guchi_Zeb2_neg_R1	6034682	LTR14:ERVK:LTR	73	15.4725460413	13	15.00	15	100.00
Orang_Guchi_Zeb2_neg_R1	6034682	LTR24C:ERV1:LTR	322	21.4266439643	13	13.00	13	100.00
Orang_Guchi_Zeb2_neg_R1	6034682	MER65B:ERV1:LTR	203	16.24390612	13	13.00	13	100.00
Orang_Guchi_Zeb2_neg_R1	6034682	MLT1K-int:MaLR:LTR	153	13.972065574	13	13.00	13	100.00
Orang_Guchi_Zeb2_neg_R1	6034682	MER6C:MER2_type:DNA	100	11.0989574451	12	12.00	12	100.00
Orang_Guchi_Zeb2_neg_R1	6034682	MER74C:ERVL:LTR	227	8.40628709291	12	12.00	12	100.00
Orang_Guchi_Zeb2_neg_R1	6034682	AluYb:Alu:SINE	94	7.33281844775	11	11.90	14	85.00
Orang_Guchi_Zeb2_neg_R1	6034682	FordPrefect_a:Tip100:DNA	190	14.6137522297	11	11.00	11	100.00
Orang_Guchi_Zeb2_neg_R1	6034682	HERVL66-int:ERVL:LTR	58	6.79672650688	11	11.00	11	100.00
Orang_Guchi_Zeb2_neg_R1	6034682	LTR12B:ERV1:LTR	132	45.2316104693	11	29.14	46	63.35
Orang_Guchi_Zeb2_neg_R1	6034682	MER84:ERV1:LTR	301	17.5268938395	11	11.00	11	100.00
Orang_Guchi_Zeb2_neg_R1	6034682	MamRep1894:hAT:DNA	591	12.4678672574	11	11.00	11	100.00
Orang_Guchi_Zeb2_neg_R1	6034682	AluYc3:Alu:SINE	755	13.41881256	10	10.50	11	95.45
Orang_Guchi_Zeb2_neg_R1	6034682	Kanga1d:Tc2:DNA	401	15.8886229003	10	10.00	10	100.00
Orang_Guchi_Zeb2_neg_R1	6034682	L1P3b:L1:LINE	99	12.7372992862	10	15.50	16	96.88
Orang_Guchi_Zeb2_neg_R1	6034682	L1P5:L1:LINE	789	14.4508826108	10	14.00	14	100.00
Orang_Guchi_Zeb2_neg_R1	6034682	LTR22B:ERVK:LTR	168	6.83708345223	10	10.00	10	100.00
Orang_Guchi_Zeb2_neg_R1	6034682	LTR66:ERVL:LTR	216	12.0356223849	10	10.00	10	100.00
Orang_Guchi_Zeb2_neg_R1	6034682	L1P4b:L1:LINE	129	19.6776771295	9	11.00	13	84.62
Orang_Guchi_Zeb2_neg_R1	6034682	LTR22:ERVK:LTR	56	9.48229362881	9	9.00	9	100.00
Orang_Guchi_Zeb2_neg_R1	6034682	LTR23-int:ERV1:LTR	229	5.53059653216	9	9.00	9	100.00
Orang_Guchi_Zeb2_neg_R1	6034682	MER30B:MER1_type:DNA	141	6.30165667854	9	9.00	9	100.00
Orang_Guchi_Zeb2_neg_R1	6034682	AluYa8:Alu:SINE	45	7.31304277772	8	8.00	8	100.00
Orang_Guchi_Zeb2_neg_R1	6034682	FRAM/FAM:Alu:SINE	475	5.84553906747	8	8.00	8	100.00
Orang_Guchi_Zeb2_neg_R1	6034682	LTR38C:ERV1:LTR	127	14.0788614231	8	9.00	9	100.00
Orang_Guchi_Zeb2_neg_R1	6034682	LTR43B:ERV1:LTR	185	4.2082557535	8	8.00	8	100.00
Orang_Guchi_Zeb2_neg_R1	6034682	LTR86A2:ERVL:LTR	256	12.0332441404	8	8.00	8	100.00
Orang_Guchi_Zeb2_neg_R1	6034682	MER88:ERVL:LTR	102	2.85812986321	8	8.00	8	100.00
Orang_Guchi_Zeb2_neg_R1	6034682	MER92A:ERV1:LTR	144	14.5680037069	8	9.50	10	95.00
Orang_Guchi_Zeb2_neg_R1	6034682	MLT1-int:MaLR:LTR	226	7.81851116947	8	8.00	9	88.89
Orang_Guchi_Zeb2_neg_R1	6034682	MLT1E2-int:MaLR:LTR	120	11.9270399404	8	8.00	8	100.00
Orang_Guchi_Zeb2_neg_R1	6034682	HERV1_LTRb:ERV1:LTR	7	2.05605832724	7	7.00	7	100.00
Orang_Guchi_Zeb2_neg_R1	6034682	LTR70:ERV1:LTR	148	4.20149031751	7	7.00	7	100.00
Orang_Guchi_Zeb2_neg_R1	6034682	LTR90A:LTR:LTR	345	12.0981083059	7	7.00	7	100.00
Orang_Guchi_Zeb2_neg_R1	6034682	L1P4c:L1:LINE	61	5.28120808203	6	6.00	6	100.00
Orang_Guchi_Zeb2_neg_R1	6034682	MER75A:PiggyBac:DNA	82	10.3568009052	6	6.00	6	100.00
Orang_Guchi_Zeb2_neg_R1	6034682	MLT1G3-int:MaLR:LTR	211	3.98836626831	6	6.00	6	100.00
Orang_Guchi_Zeb2_neg_R1	6034682	AluYc5:Alu:SINE	316	4.16394141747	5	5.00	5	100.00
Orang_Guchi_Zeb2_neg_R1	6034682	HUERS-P2-int:ERV1:LTR	234	3.51917317863	5	5.00	5	100.00
Orang_Guchi_Zeb2_neg_R1	6034682	LTR14A:ERVK:LTR	93	21.6134490567	5	19.00	19	100.00
Orang_Guchi_Zeb2_neg_R1	6034682	LTR39-int:ERV1:LTR	112	3.70246870576	5	5.00	5	100.00
Orang_Guchi_Zeb2_neg_R1	6034682	LTR5:ERVK:LTR	27	2.50056777163	5	5.00	5	100.00
Orang_Guchi_Zeb2_neg_R1	6034682	MLT1F1-int:MaLR:LTR	139	5.21171995879	5	5.00	5	100.00
Orang_Guchi_Zeb2_neg_R1	6034682	AluYa:Alu:SINE	19	4.59976730442	4	4.00	4	100.00
Orang_Guchi_Zeb2_neg_R1	6034682	AluYh9:Alu:SINE	82	7.07039439511	4	4.00	5	80.00
Orang_Guchi_Zeb2_neg_R1	6034682	Charlie12:MER1_type:DNA	18	0.339741290585	4	4.00	4	100.00
Orang_Guchi_Zeb2_neg_R1	6034682	HERVK11D-int:ERVK:LTR	48	1.60105134766	4	4.00	4	100.00
Orang_Guchi_Zeb2_neg_R1	6034682	HERVK14C-int:ERVK:LTR	48	4.23316106703	4	7.00	7	100.00
Orang_Guchi_Zeb2_neg_R1	6034682	LTR10G:ERV1:LTR	96	2.66833466109	4	4.00	4	100.00
Orang_Guchi_Zeb2_neg_R1	6034682	LTR75_1:ERV1:LTR	128	6.90453393678	4	4.00	4	100.00
Orang_Guchi_Zeb2_neg_R1	6034682	LTR80A:ERVL:LTR	327	3.90743012006	4	4.00	4	100.00
Orang_Guchi_Zeb2_neg_R1	6034682	MLT1H1-int:MaLR:LTR	312	4.06164671552	4	4.50	5	90.00
Orang_Guchi_Zeb2_neg_R1	6034682	Ricksha_a:MuDR:DNA	35	1.99049627006	4	4.00	4	100.00
Orang_Guchi_Zeb2_neg_R1	6034682	HERVL32-int:ERVL:LTR	102	3.48845444621	3	4.00	4	100.00
Orang_Guchi_Zeb2_neg_R1	6034682	L1PA2:L1:LINE	1167	6.28365946483	3	3.48	20	17.38
Orang_Guchi_Zeb2_neg_R1	6034682	MER45R:Tip100:DNA	462	1.40782027896	3	3.00	3	100.00
Orang_Guchi_Zeb2_neg_R1	6034682	MER9B:ERVK:LTR	58	1.00227105534	3	3.00	3	100.00
Orang_Guchi_Zeb2_neg_R1	6034682	AluJ/monomer:Alu:SINE	329	3.45226696839	2	2.00	2	100.00
Orang_Guchi_Zeb2_neg_R1	6034682	LTR59:ERV1:LTR	122	1.06908912569	2	2.00	2	100.00
Orang_Guchi_Zeb2_neg_R1	6034682	LTR71B:ERV1:LTR	211	3.80939803408	2	2.00	2	100.00
Orang_Guchi_Zeb2_neg_R1	6034682	MER75B:PiggyBac:DNA	87	3.45226696839	2	2.00	2	100.00
Orang_Guchi_Zeb2_neg_R1	6034682	MER76-int:ERVL:LTR	132	5.89490667805	2	7.00	7	100.00
Orang_Guchi_Zeb2_neg_R1	6034682	ORSL-2a:Tip100:DNA	288	3.38498464186	2	2.00	2	100.00
Orang_Guchi_Zeb2_neg_R1	6034682	AluYa5/8:Alu:SINE	47	1.80118276612	1	1.00	1	100.00
Orang_Guchi_Zeb2_neg_R1	6034682	Charlie4:MER1_type:DNA	142	1.76285972854	1	1.00	1	100.00
Orang_Guchi_Zeb2_neg_R1	6034682	LTR11:ERV:LTR	11	1.72613348419	1	1.00	1	100.00
Orang_Guchi_Zeb2_neg_R1	6034682	LTR3B:ERVK:LTR	61	1.70833829364	1	1.00	1	100.00
Orang_Guchi_Zeb2_neg_R1	6034682	MER101B:ERV1:LTR	247	1.80118276612	1	1.00	1	100.00
Orang_Guchi_Zeb2_neg_R1	6034682	MER83B:ERV1:LTR	120	1.76285972854	1	1.00	1	100.00
Orang_Guchi_Zeb2_neg_R1	6034682	MER92C:ERV1:LTR	273	1.74430331034	1	1.00	1	100.00
Orang_Guchi_Zeb2_neg_R1	6034682	MLT1E1A-int:MaLR:LTR	65	0.332748623459	1	1.00	1	100.00
Orang_Guchi_Zeb2_neg_R1	6034682	SVA_C:Other:Other	11	1.70833829364	1	1.00	1	100.00
Orang_Guchi_Zeb2_neg_R1	6034682	5S:rRNA:rRNA	1047	0	0	0.00	0	NA
Orang_Guchi_Zeb2_neg_R1	6034682	7SK:RNA:RNA	625	0	0	0.00	0	NA
Orang_Guchi_Zeb2_neg_R1	6034682	7SLRNA:srpRNA:srpRNA	811	0	0	0.00	0	NA
Orang_Guchi_Zeb2_neg_R1	6034682	AluJ/F(R)AM:Alu:SINE	43	0	0	0.00	0	NA
Orang_Guchi_Zeb2_neg_R1	6034682	AluJo/F(R)AM:Alu:SINE	24	0	0	0.00	0	NA
Orang_Guchi_Zeb2_neg_R1	6034682	AluSg/q:Alu:SINE	18	0	0	0.00	0	NA
Orang_Guchi_Zeb2_neg_R1	6034682	AluYc:Alu:SINE	10	0	0	0.00	0	NA
Orang_Guchi_Zeb2_neg_R1	6034682	AluYd:Alu:SINE	51	0	0	0.00	0	NA
Orang_Guchi_Zeb2_neg_R1	6034682	AluYg:Alu:SINE	154	1.76285972854	0	1.00	3	33.33
Orang_Guchi_Zeb2_neg_R1	6034682	AluYh:Alu:SINE	13	0	0	0.00	0	NA
Orang_Guchi_Zeb2_neg_R1	6034682	BC200:scRNA:scRNA	220	0	0	0.00	0	NA
Orang_Guchi_Zeb2_neg_R1	6034682	HERV1_LTRc:ERV1:LTR	28	0	0	0.00	0	NA
Orang_Guchi_Zeb2_neg_R1	6034682	HERV1_LTRe:ERV1:LTR	21	0	0	0.00	0	NA
Orang_Guchi_Zeb2_neg_R1	6034682	HY1:scRNA:scRNA	362	0	0	0.00	0	NA
Orang_Guchi_Zeb2_neg_R1	6034682	HY3:scRNA:scRNA	457	0	0	0.00	0	NA
Orang_Guchi_Zeb2_neg_R1	6034682	HY4:scRNA:scRNA	127	0	0	0.00	0	NA
Orang_Guchi_Zeb2_neg_R1	6034682	HY5:scRNA:scRNA	20	0	0	0.00	0	NA
Orang_Guchi_Zeb2_neg_R1	6034682	Helitron1Na_Mam:Helitron:RC	276	0	0	0.00	0	NA
Orang_Guchi_Zeb2_neg_R1	6034682	Helitron1Nb_Mam:Helitron:RC	329	0	0	0.00	0	NA
Orang_Guchi_Zeb2_neg_R1	6034682	Helitron2Na_Mam:Helitron?:RC	371	0	0	0.00	0	NA
Orang_Guchi_Zeb2_neg_R1	6034682	Helitron3Na_Mam:Helitron:RC	958	0	0	0.00	0	NA
Orang_Guchi_Zeb2_neg_R1	6034682	L1P:L1:LINE	187	0	0	0.00	0	NA
Orang_Guchi_Zeb2_neg_R1	6034682	LSU-rRNA_Hsa:rRNA:rRNA	350	0	0	0.00	0	NA
Orang_Guchi_Zeb2_neg_R1	6034682	LTR10B:ERV1:LTR	71	0	0	0.00	0	NA
Orang_Guchi_Zeb2_neg_R1	6034682	LTR12E:ERV1:LTR	113	10.2500297618	0	6.00	7	85.71
Orang_Guchi_Zeb2_neg_R1	6034682	LTR58:ERV1:LTR	78	0	0	0.00	0	NA
Orang_Guchi_Zeb2_neg_R1	6034682	LTR7A:ERV1:LTR	28	0	0	0.00	0	NA
Orang_Guchi_Zeb2_neg_R1	6034682	MER97b:MER1_type?:DNA	173	0	0	0.00	0	NA
Orang_Guchi_Zeb2_neg_R1	6034682	MLT1E-int:MaLR:LTR	15	0	0	0.00	0	NA
Orang_Guchi_Zeb2_neg_R1	6034682	MLT1E1-int:MaLR:LTR	28	3.28136266302	0	2.00	2	100.00
Orang_Guchi_Zeb2_neg_R1	6034682	MLT1L-int:MaLR:LTR	96	0	0	0.00	0	NA
Orang_Guchi_Zeb2_neg_R1	6034682	MLT1M-int:MaLR:LTR	3	0	0	0.00	0	NA
Orang_Guchi_Zeb2_neg_R1	6034682	MLT1N2-int:MaLR:LTR	70	0	0	0.00	0	NA
Orang_Guchi_Zeb2_neg_R1	6034682	SSU-rRNA_Hsa:rRNA:rRNA	54	0	0	0.00	0	NA
Orang_Guchi_Zeb2_neg_R1	6034682	Tigger2f:MER2_type:DNA	7	0	0	0.00	0	NA
Orang_Guchi_Zeb2_neg_R1	6034682	U13:snRNA:snRNA	150	0	0	0.00	0	NA
Orang_Guchi_Zeb2_neg_R1	6034682	U13_:snRNA:snRNA	262	0	0	0.00	0	NA
Orang_Guchi_Zeb2_neg_R1	6034682	U14:snRNA:snRNA	8	0	0	0.00	0	NA
Orang_Guchi_Zeb2_neg_R1	6034682	U17:snRNA:snRNA	8	0	0	0.00	0	NA
Orang_Guchi_Zeb2_neg_R1	6034682	U1:snRNA:snRNA	157	0	0	0.00	0	NA
Orang_Guchi_Zeb2_neg_R1	6034682	U2:snRNA:snRNA	904	0	0	0.00	0	NA
Orang_Guchi_Zeb2_neg_R1	6034682	U3:snRNA:snRNA	205	0	0	0.00	0	NA
Orang_Guchi_Zeb2_neg_R1	6034682	U4:snRNA:snRNA	146	0	0	0.00	0	NA
Orang_Guchi_Zeb2_neg_R1	6034682	U5:snRNA:snRNA	165	0	0	0.00	0	NA
Orang_Guchi_Zeb2_neg_R1	6034682	U6:snRNA:snRNA	1424	0	0	0.00	0	NA
Orang_Guchi_Zeb2_neg_R1	6034682	U7:snRNA:snRNA	215	0	0	0.00	0	NA
Orang_Guchi_Zeb2_neg_R1	6034682	U8:snRNA:snRNA	26	0	0	0.00	0	NA
Orang_Guchi_Zeb2_neg_R1	6034682	tRNA-Ala-GCA:tRNA:tRNA	11	0	0	0.00	0	NA
Orang_Guchi_Zeb2_neg_R1	6034682	tRNA-Ala-GCG:tRNA:tRNA	8	0	0	0.00	0	NA
Orang_Guchi_Zeb2_neg_R1	6034682	tRNA-Ala-GCY:tRNA:tRNA	13	0	0	0.00	0	NA
Orang_Guchi_Zeb2_neg_R1	6034682	tRNA-Ala-GCY_:tRNA:tRNA	19	0	0	0.00	0	NA
Orang_Guchi_Zeb2_neg_R1	6034682	tRNA-Arg-AGA:tRNA:tRNA	36	0	0	0.00	0	NA
Orang_Guchi_Zeb2_neg_R1	6034682	tRNA-Arg-AGG:tRNA:tRNA	14	0	0	0.00	0	NA
Orang_Guchi_Zeb2_neg_R1	6034682	tRNA-Arg-CGA:tRNA:tRNA	7	0	0	0.00	0	NA
Orang_Guchi_Zeb2_neg_R1	6034682	tRNA-Arg-CGA_:tRNA:tRNA	4	0	0	0.00	0	NA
Orang_Guchi_Zeb2_neg_R1	6034682	tRNA-Arg-CGG:tRNA:tRNA	6	0	0	0.00	0	NA
Orang_Guchi_Zeb2_neg_R1	6034682	tRNA-Arg-CGY_:tRNA:tRNA	26	0	0	0.00	0	NA
Orang_Guchi_Zeb2_neg_R1	6034682	tRNA-Asn-AAC:tRNA:tRNA	38	0	0	0.00	0	NA
Orang_Guchi_Zeb2_neg_R1	6034682	tRNA-Asp-GAY:tRNA:tRNA	32	0	0	0.00	0	NA
Orang_Guchi_Zeb2_neg_R1	6034682	tRNA-Cys-TGY:tRNA:tRNA	124	0	0	0.00	0	NA
Orang_Guchi_Zeb2_neg_R1	6034682	tRNA-Gln-CAA:tRNA:tRNA	21	0	0	0.00	0	NA
Orang_Guchi_Zeb2_neg_R1	6034682	tRNA-Gln-CAA_:tRNA:tRNA	24	0	0	0.00	0	NA
Orang_Guchi_Zeb2_neg_R1	6034682	tRNA-Gln-CAG:tRNA:tRNA	61	0	0	0.00	0	NA
Orang_Guchi_Zeb2_neg_R1	6034682	tRNA-Glu-GAA:tRNA:tRNA	86	0	0	0.00	0	NA
Orang_Guchi_Zeb2_neg_R1	6034682	tRNA-Glu-GAG:tRNA:tRNA	19	0	0	0.00	0	NA
Orang_Guchi_Zeb2_neg_R1	6034682	tRNA-Glu-GAG_:tRNA:tRNA	81	0	0	0.00	0	NA
Orang_Guchi_Zeb2_neg_R1	6034682	tRNA-Gly-GGA:tRNA:tRNA	97	0	0	0.00	0	NA
Orang_Guchi_Zeb2_neg_R1	6034682	tRNA-Gly-GGG:tRNA:tRNA	20	0	0	0.00	0	NA
Orang_Guchi_Zeb2_neg_R1	6034682	tRNA-Gly-GGY:tRNA:tRNA	33	0	0	0.00	0	NA
Orang_Guchi_Zeb2_neg_R1	6034682	tRNA-His-CAY:tRNA:tRNA	1	0	0	0.00	0	NA
Orang_Guchi_Zeb2_neg_R1	6034682	tRNA-His-CAY_:tRNA:tRNA	33	0	0	0.00	0	NA
Orang_Guchi_Zeb2_neg_R1	6034682	tRNA-Ile-ATA:tRNA:tRNA	67	0	0	0.00	0	NA
Orang_Guchi_Zeb2_neg_R1	6034682	tRNA-Ile-ATC:tRNA:tRNA	10	0	0	0.00	0	NA
Orang_Guchi_Zeb2_neg_R1	6034682	tRNA-Ile-ATT:tRNA:tRNA	43	0	0	0.00	0	NA
Orang_Guchi_Zeb2_neg_R1	6034682	tRNA-Leu-CTA:tRNA:tRNA	2	0	0	0.00	0	NA
Orang_Guchi_Zeb2_neg_R1	6034682	tRNA-Leu-CTA_:tRNA:tRNA	1	0	0	0.00	0	NA
Orang_Guchi_Zeb2_neg_R1	6034682	tRNA-Leu-CTG:tRNA:tRNA	10	0	0	0.00	0	NA
Orang_Guchi_Zeb2_neg_R1	6034682	tRNA-Leu-CTY:tRNA:tRNA	19	0	0	0.00	0	NA
Orang_Guchi_Zeb2_neg_R1	6034682	tRNA-Leu-TTA(m):tRNA:tRNA	19	0	0	0.00	0	NA
Orang_Guchi_Zeb2_neg_R1	6034682	tRNA-Leu-TTA:tRNA:tRNA	10	0	0	0.00	0	NA
Orang_Guchi_Zeb2_neg_R1	6034682	tRNA-Leu-TTG:tRNA:tRNA	19	0	0	0.00	0	NA
Orang_Guchi_Zeb2_neg_R1	6034682	tRNA-Lys-AAA:tRNA:tRNA	30	0	0	0.00	0	NA
Orang_Guchi_Zeb2_neg_R1	6034682	tRNA-Lys-AAG:tRNA:tRNA	58	0	0	0.00	0	NA
Orang_Guchi_Zeb2_neg_R1	6034682	tRNA-Met-i:tRNA:tRNA	33	0	0	0.00	0	NA
Orang_Guchi_Zeb2_neg_R1	6034682	tRNA-Met:tRNA:tRNA	32	0	0	0.00	0	NA
Orang_Guchi_Zeb2_neg_R1	6034682	tRNA-Met_:tRNA:tRNA	38	0	0	0.00	0	NA
Orang_Guchi_Zeb2_neg_R1	6034682	tRNA-Phe-TTY:tRNA:tRNA	40	0	0	0.00	0	NA
Orang_Guchi_Zeb2_neg_R1	6034682	tRNA-Pro-CCA:tRNA:tRNA	3	0	0	0.00	0	NA
Orang_Guchi_Zeb2_neg_R1	6034682	tRNA-Pro-CCG:tRNA:tRNA	3	0	0	0.00	0	NA
Orang_Guchi_Zeb2_neg_R1	6034682	tRNA-Pro-CCY:tRNA:tRNA	12	0	0	0.00	0	NA
Orang_Guchi_Zeb2_neg_R1	6034682	tRNA-SeC(e)-TGA:tRNA:tRNA	4	0	0	0.00	0	NA
Orang_Guchi_Zeb2_neg_R1	6034682	tRNA-Ser-AGY:tRNA:tRNA	11	0	0	0.00	0	NA
Orang_Guchi_Zeb2_neg_R1	6034682	tRNA-Ser-TCA(m):tRNA:tRNA	22	0	0	0.00	0	NA
Orang_Guchi_Zeb2_neg_R1	6034682	tRNA-Ser-TCA:tRNA:tRNA	1	0	0	0.00	0	NA
Orang_Guchi_Zeb2_neg_R1	6034682	tRNA-Ser-TCA_:tRNA:tRNA	4	0	0	0.00	0	NA
Orang_Guchi_Zeb2_neg_R1	6034682	tRNA-Ser-TCG:tRNA:tRNA	10	0	0	0.00	0	NA
Orang_Guchi_Zeb2_neg_R1	6034682	tRNA-Ser-TCY:tRNA:tRNA	16	0	0	0.00	0	NA
Orang_Guchi_Zeb2_neg_R1	6034682	tRNA-Thr-ACA:tRNA:tRNA	26	0	0	0.00	0	NA
Orang_Guchi_Zeb2_neg_R1	6034682	tRNA-Thr-ACG:tRNA:tRNA	2	0	0	0.00	0	NA
Orang_Guchi_Zeb2_neg_R1	6034682	tRNA-Thr-ACG_:tRNA:tRNA	8	0	0	0.00	0	NA
Orang_Guchi_Zeb2_neg_R1	6034682	tRNA-Thr-ACY:tRNA:tRNA	11	0	0	0.00	0	NA
Orang_Guchi_Zeb2_neg_R1	6034682	tRNA-Thr-ACY_:tRNA:tRNA	11	0	0	0.00	0	NA
Orang_Guchi_Zeb2_neg_R1	6034682	tRNA-Trp-TGG:tRNA:tRNA	13	0	0	0.00	0	NA
Orang_Guchi_Zeb2_neg_R1	6034682	tRNA-Tyr-TAC:tRNA:tRNA	30	0	0	0.00	0	NA
Orang_Guchi_Zeb2_neg_R1	6034682	tRNA-Tyr-TAT:tRNA:tRNA	5	0	0	0.00	0	NA
Orang_Guchi_Zeb2_neg_R1	6034682	tRNA-Val-GTA:tRNA:tRNA	9	0	0	0.00	0	NA
Orang_Guchi_Zeb2_neg_R1	6034682	tRNA-Val-GTG:tRNA:tRNA	26	0	0	0.00	0	NA
Orang_Guchi_Zeb2_neg_R1	6034682	tRNA-Val-GTY:tRNA:tRNA	26	0	0	0.00	0	NA
