Sample	aligned_libsize	Subfamily:Family:Class	copies	fpkm	uniq_counts	tot_counts	tot_reads	score
Orang_Jaqo_Zeb2_neg_R1	9136678	AluSx:Alu:SINE	281507	44081.4126813	112208	114100.14	115120	99.11
Orang_Jaqo_Zeb2_neg_R1	9136678	AluJo:Alu:SINE	121690	17220.699913	41852	42468.33	42801	99.22
Orang_Jaqo_Zeb2_neg_R1	9136678	AluJb:Alu:SINE	111580	16580.8175035	39394	39936.03	40233	99.26
Orang_Jaqo_Zeb2_neg_R1	9136678	MIRb:MIR:SINE	196368	20195.8086259	37247	37682.66	37874	99.49
Orang_Jaqo_Zeb2_neg_R1	9136678	MIR:MIR:SINE	170477	17790.3898106	35361	35710.25	35888	99.50
Orang_Jaqo_Zeb2_neg_R1	9136678	AluY:Alu:SINE	113204	13924.5129557	30866	32007.55	32342	98.97
Orang_Jaqo_Zeb2_neg_R1	9136678	AluSq:Alu:SINE	81382	12361.0305082	30478	31038.12	31427	98.76
Orang_Jaqo_Zeb2_neg_R1	9136678	AluSg:Alu:SINE	68468	11533.7557954	29734	30286.26	30631	98.87
Orang_Jaqo_Zeb2_neg_R1	9136678	L2a:L2:LINE	144260	11606.226591	27219	27668.43	27861	99.31
Orang_Jaqo_Zeb2_neg_R1	9136678	L2c:L2:LINE	121343	11760.1537002	25796	26154.32	26271	99.56
Orang_Jaqo_Zeb2_neg_R1	9136678	MIRc:MIR:SINE	87420	10184.5557858	18108	18312.18	18394	99.56
Orang_Jaqo_Zeb2_neg_R1	9136678	AluSp:Alu:SINE	43984	7266.87695803	17609	17970.54	18158	98.97
Orang_Jaqo_Zeb2_neg_R1	9136678	L2b:L2:LINE	82520	8243.73235869	17072	17301.16	17392	99.48
Orang_Jaqo_Zeb2_neg_R1	9136678	MIR3:MIR:SINE	59611	8121.55003332	13610	13795.71	13840	99.68
Orang_Jaqo_Zeb2_neg_R1	9136678	AluSc:Alu:SINE	43869	5617.07065207	12697	13058.21	13258	98.49
Orang_Jaqo_Zeb2_neg_R1	9136678	L1M5:L1:LINE	56458	4435.62418522	12232	12448.87	12552	99.18
Orang_Jaqo_Zeb2_neg_R1	9136678	L2:L2:LINE	51848	4966.18696592	11617	11833.39	11932	99.17
Orang_Jaqo_Zeb2_neg_R1	9136678	L3:CR1:LINE	40370	4559.30377833	9511	9614.47	9650	99.63
Orang_Jaqo_Zeb2_neg_R1	9136678	L1ME4a:L1:LINE	36386	3583.84975844	8873	8966.85	9020	99.41
Orang_Jaqo_Zeb2_neg_R1	9136678	FLAM_C:Alu:SINE	31107	4892.89780218	8808	8890.16	8956	99.26
Orang_Jaqo_Zeb2_neg_R1	9136678	L1MC4:L1:LINE	25130	2356.69378996	7329	7437.48	7472	99.54
Orang_Jaqo_Zeb2_neg_R1	9136678	L1MC4a:L1:LINE	24144	2233.65719368	6391	6479.39	6523	99.33
Orang_Jaqo_Zeb2_neg_R1	9136678	AluSg/x:Alu:SINE	32560	3295.03294605	6304	6429.04	6556	98.06
Orang_Jaqo_Zeb2_neg_R1	9136678	MER5A:MER1_type:DNA	30263	3024.61220034	5564	5635.37	5663	99.51
Orang_Jaqo_Zeb2_neg_R1	9136678	FRAM:Alu:SINE	19413	2718.80286009	5148	5205.35	5241	99.32
Orang_Jaqo_Zeb2_neg_R1	9136678	L1ME3B:L1:LINE	23835	1742.94890492	5145	5227.31	5268	99.23
Orang_Jaqo_Zeb2_neg_R1	9136678	L1MA3:L1:LINE	7959	2952.26813695	5109	5131.78	5138	99.88
Orang_Jaqo_Zeb2_neg_R1	9136678	L1ME1:L1:LINE	26786	1549.65371387	5060	5140.01	5189	99.06
Orang_Jaqo_Zeb2_neg_R1	9136678	L1MB7:L1:LINE	19631	1560.48200019	4825	4923.09	4951	99.44
Orang_Jaqo_Zeb2_neg_R1	9136678	L1MC5:L1:LINE	17558	1830.00378289	4645	4684.37	4705	99.56
Orang_Jaqo_Zeb2_neg_R1	9136678	HAL1:L1:LINE	23193	1650.08064488	4436	4508.46	4534	99.44
Orang_Jaqo_Zeb2_neg_R1	9136678	Tigger1:MER2_type:DNA	11069	858.499212719	4268	4379.58	4418	99.13
Orang_Jaqo_Zeb2_neg_R1	9136678	MER20:MER1_type:DNA	14365	2013.04069665	4071	4139.68	4154	99.66
Orang_Jaqo_Zeb2_neg_R1	9136678	L1M4:L1:LINE	17042	1177.19118182	3874	3962.05	3999	99.08
Orang_Jaqo_Zeb2_neg_R1	9136678	MER5B:MER1_type:DNA	21303	1986.41040522	3747	3778.76	3796	99.55
Orang_Jaqo_Zeb2_neg_R1	9136678	MIRm:MIR:SINE	24890	2364.21803268	3730	3750.77	3768	99.54
Orang_Jaqo_Zeb2_neg_R1	9136678	FLAM_A:Alu:SINE	15574	1987.46113164	3516	3557.54	3573	99.57
Orang_Jaqo_Zeb2_neg_R1	9136678	L1MB8:L1:LINE	14030	1066.84650787	3380	3439.50	3490	98.55
Orang_Jaqo_Zeb2_neg_R1	9136678	L1MB3:L1:LINE	14597	1050.34287797	3234	3292.27	3311	99.43
Orang_Jaqo_Zeb2_neg_R1	9136678	L1ME3A:L1:LINE	16030	1034.85829203	3127	3164.33	3188	99.26
Orang_Jaqo_Zeb2_neg_R1	9136678	MLT1B:MaLR:LTR	15775	1027.79764545	3022	3070.78	3106	98.87
Orang_Jaqo_Zeb2_neg_R1	9136678	MLT1C:MaLR:LTR	17357	1075.60345518	2977	3035.09	3069	98.89
Orang_Jaqo_Zeb2_neg_R1	9136678	MLT1D:MaLR:LTR	17959	1054.71550478	2840	2892.57	2925	98.89
Orang_Jaqo_Zeb2_neg_R1	9136678	L1MB5:L1:LINE	7903	660.304374129	2776	2832.03	2850	99.37
Orang_Jaqo_Zeb2_neg_R1	9136678	MLT1K:MaLR:LTR	16229	1109.64442914	2713	2746.10	2753	99.75
Orang_Jaqo_Zeb2_neg_R1	9136678	L1PA3:L1:LINE	24673	1109.26497095	2649	4009.06	4337	92.44
Orang_Jaqo_Zeb2_neg_R1	9136678	MER58A:MER1_type:DNA	11932	1303.64344833	2490	2541.23	2553	99.54
Orang_Jaqo_Zeb2_neg_R1	9136678	L1PA7:L1:LINE	11577	457.242573096	2420	2508.59	2534	99.00
Orang_Jaqo_Zeb2_neg_R1	9136678	L1PA5:L1:LINE	10261	469.136899158	2404	2610.99	2749	94.98
Orang_Jaqo_Zeb2_neg_R1	9136678	MER3:MER1_type:DNA	9186	1116.72443914	2332	2346.88	2359	99.49
Orang_Jaqo_Zeb2_neg_R1	9136678	MLT1J:MaLR:LTR	13432	1039.86259192	2330	2370.84	2387	99.32
Orang_Jaqo_Zeb2_neg_R1	9136678	MER2:MER2_type:DNA	8075	908.022274072	2318	2356.86	2378	99.11
Orang_Jaqo_Zeb2_neg_R1	9136678	L1MEf:L1:LINE	12375	598.732909981	2303	2343.77	2366	99.06
Orang_Jaqo_Zeb2_neg_R1	9136678	AluSg1:Alu:SINE	5531	930.120165013	2293	2329.21	2354	98.95
Orang_Jaqo_Zeb2_neg_R1	9136678	MER33:MER1_type:DNA	8121	848.588559631	2151	2173.94	2179	99.77
Orang_Jaqo_Zeb2_neg_R1	9136678	L1MEc:L1:LINE	16570	651.46692558	2146	2199.05	2210	99.50
Orang_Jaqo_Zeb2_neg_R1	9136678	L4:RTE:LINE	14700	1309.30148434	2146	2169.17	2183	99.37
Orang_Jaqo_Zeb2_neg_R1	9136678	FAM:Alu:SINE	4787	959.675087296	2128	2144.95	2155	99.53
Orang_Jaqo_Zeb2_neg_R1	9136678	HAL1-3A_ME:L1:LINE	1370	633.968317928	2126	2127.00	2127	100.00
Orang_Jaqo_Zeb2_neg_R1	9136678	L1PA15:L1:LINE	7206	327.162043675	2098	2136.06	2148	99.44
Orang_Jaqo_Zeb2_neg_R1	9136678	MLT1A0:MaLR:LTR	18077	846.702099564	2096	2125.71	2142	99.24
Orang_Jaqo_Zeb2_neg_R1	9136678	L1ME2:L1:LINE	11121	707.419450806	2063	2099.12	2122	98.92
Orang_Jaqo_Zeb2_neg_R1	9136678	THE1B:MaLR:LTR	20021	793.599419525	2026	2068.15	2098	98.58
Orang_Jaqo_Zeb2_neg_R1	9136678	L1MC1:L1:LINE	11484	572.130140691	1935	1964.36	1976	99.41
Orang_Jaqo_Zeb2_neg_R1	9136678	L1MD2:L1:LINE	9617	540.275271615	1924	1967.67	1976	99.58
Orang_Jaqo_Zeb2_neg_R1	9136678	MSTA:MaLR:LTR	16852	686.7700587	1868	1897.88	1920	98.85
Orang_Jaqo_Zeb2_neg_R1	9136678	L1PB1:L1:LINE	11362	551.266125129	1828	1874.83	1902	98.57
Orang_Jaqo_Zeb2_neg_R1	9136678	L1MB4:L1:LINE	7712	572.311291136	1752	1810.02	1831	98.85
Orang_Jaqo_Zeb2_neg_R1	9136678	MLT1L:MaLR:LTR	10487	649.82709501	1735	1757.53	1768	99.41
Orang_Jaqo_Zeb2_neg_R1	9136678	L1MEg:L1:LINE	15830	662.722948245	1733	1772.52	1799	98.53
Orang_Jaqo_Zeb2_neg_R1	9136678	L1MC:L1:LINE	11455	737.724143598	1713	1752.83	1782	98.36
Orang_Jaqo_Zeb2_neg_R1	9136678	L1MEd:L1:LINE	9089	536.35805066	1685	1706.14	1714	99.54
Orang_Jaqo_Zeb2_neg_R1	9136678	L1PA6:L1:LINE	5586	259.903295887	1668	1734.76	1791	96.86
Orang_Jaqo_Zeb2_neg_R1	9136678	MER5A1:MER1_type:DNA	13847	922.683758033	1657	1668.05	1677	99.47
Orang_Jaqo_Zeb2_neg_R1	9136678	L1MA9:L1:LINE	14487	428.582887259	1589	1632.43	1641	99.48
Orang_Jaqo_Zeb2_neg_R1	9136678	L1MC3:L1:LINE	11474	489.989099162	1559	1600.42	1623	98.61
Orang_Jaqo_Zeb2_neg_R1	9136678	AluSq/x:Alu:SINE	9122	811.046442101	1502	1524.04	1552	98.20
Orang_Jaqo_Zeb2_neg_R1	9136678	L1PA4:L1:LINE	10764	436.989723695	1482	1731.86	1966	88.09
Orang_Jaqo_Zeb2_neg_R1	9136678	Tigger15a:TcMar:DNA	4386	632.223659204	1476	1493.01	1499	99.60
Orang_Jaqo_Zeb2_neg_R1	9136678	MLT-int:MaLR:LTR	2832	226.535326194	1469	1517.09	1539	98.58
Orang_Jaqo_Zeb2_neg_R1	9136678	MER58B:MER1_type:DNA	5830	663.326717602	1463	1485.38	1491	99.62
Orang_Jaqo_Zeb2_neg_R1	9136678	L1MB2:L1:LINE	7369	472.162813937	1427	1450.07	1457	99.52
Orang_Jaqo_Zeb2_neg_R1	9136678	L1ME3:L1:LINE	6242	507.490096564	1391	1411.62	1418	99.55
Orang_Jaqo_Zeb2_neg_R1	9136678	Tigger3b:MER2_type:DNA	5743	397.581699157	1388	1415.79	1434	98.73
Orang_Jaqo_Zeb2_neg_R1	9136678	Charlie1a:MER1_type:DNA	4730	435.050202063	1378	1427.19	1442	98.97
Orang_Jaqo_Zeb2_neg_R1	9136678	MLT1H:MaLR:LTR	9016	438.892561936	1376	1416.13	1440	98.34
Orang_Jaqo_Zeb2_neg_R1	9136678	L1PA16:L1:LINE	12116	408.625869291	1375	1406.18	1417	99.24
Orang_Jaqo_Zeb2_neg_R1	9136678	L1ME2z:L1:LINE	6487	548.608653188	1356	1358.30	1363	99.66
Orang_Jaqo_Zeb2_neg_R1	9136678	Tigger3a:MER2_type:DNA	4735	499.25354515	1333	1346.01	1349	99.78
Orang_Jaqo_Zeb2_neg_R1	9136678	L1MA8:L1:LINE	9445	396.151683275	1331	1346.96	1361	98.97
Orang_Jaqo_Zeb2_neg_R1	9136678	L1MEe:L1:LINE	10409	482.321076209	1281	1303.26	1312	99.33
Orang_Jaqo_Zeb2_neg_R1	9136678	MER1B:MER1_type:DNA	4700	502.541565537	1273	1292.22	1301	99.33
Orang_Jaqo_Zeb2_neg_R1	9136678	Charlie4z:MER1_type:DNA	5204	752.185470861	1269	1280.26	1280	100.02
Orang_Jaqo_Zeb2_neg_R1	9136678	L1MD:L1:LINE	8171	423.054148313	1264	1285.68	1300	98.90
Orang_Jaqo_Zeb2_neg_R1	9136678	L1MA4:L1:LINE	8653	397.125585541	1232	1252.02	1258	99.52
Orang_Jaqo_Zeb2_neg_R1	9136678	SVA_A:Other:Other	2025	402.872092679	1206	1756.21	1750	100.35
Orang_Jaqo_Zeb2_neg_R1	9136678	L3b:CR1:LINE	6473	724.950937536	1203	1210.69	1212	99.89
Orang_Jaqo_Zeb2_neg_R1	9136678	MARNA:Mariner:DNA	2913	521.005934903	1201	1212.14	1215	99.76
Orang_Jaqo_Zeb2_neg_R1	9136678	MER34B-int:ERV1:LTR	566	331.352261597	1200	1203.50	1204	99.96
Orang_Jaqo_Zeb2_neg_R1	9136678	LTR33:ERVL:LTR	8000	438.321530874	1195	1202.07	1211	99.26
Orang_Jaqo_Zeb2_neg_R1	9136678	LTR5B:ERVK:LTR	411	129.442855044	1185	1212.82	1218	99.58
Orang_Jaqo_Zeb2_neg_R1	9136678	Tigger4a:MER2_type:DNA	3033	560.484767808	1178	1188.63	1198	99.22
Orang_Jaqo_Zeb2_neg_R1	9136678	L1M2:L1:LINE	8986	290.825106616	1151	1196.00	1225	97.63
Orang_Jaqo_Zeb2_neg_R1	9136678	Charlie1:MER1_type:DNA	2204	243.146670243	1147	1164.29	1173	99.26
Orang_Jaqo_Zeb2_neg_R1	9136678	MSTB:MaLR:LTR	7642	382.750884719	1144	1155.49	1164	99.27
Orang_Jaqo_Zeb2_neg_R1	9136678	L1MCa:L1:LINE	7067	330.834761784	1114	1127.61	1132	99.61
Orang_Jaqo_Zeb2_neg_R1	9136678	Charlie8:MER1_type:DNA	2508	283.196089717	1101	1115.69	1123	99.35
Orang_Jaqo_Zeb2_neg_R1	9136678	MER21C:ERV1:LTR	4126	290.90942327	1092	1118.60	1130	98.99
Orang_Jaqo_Zeb2_neg_R1	9136678	THE1D:MaLR:LTR	11399	389.042535006	1082	1098.02	1113	98.65
Orang_Jaqo_Zeb2_neg_R1	9136678	L1PA13:L1:LINE	8038	277.640972398	1075	1097.57	1104	99.42
Orang_Jaqo_Zeb2_neg_R1	9136678	MER1A:MER1_type:DNA	2801	285.509087387	1075	1154.13	1176	98.14
Orang_Jaqo_Zeb2_neg_R1	9136678	MER21B:ERV1:LTR	3337	310.997582795	1052	1080.65	1089	99.23
Orang_Jaqo_Zeb2_neg_R1	9136678	MER4B-int:ERV1:LTR	1337	158.729098526	1045	1228.81	1234	99.58
Orang_Jaqo_Zeb2_neg_R1	9136678	MLT1A:MaLR:LTR	7937	438.354320804	1038	1049.66	1061	98.93
Orang_Jaqo_Zeb2_neg_R1	9136678	HSMAR2:Mariner:DNA	1662	165.310211836	1029	1046.05	1053	99.34
Orang_Jaqo_Zeb2_neg_R1	9136678	LTR40b:ERVL:LTR	1115	168.45147373	1027	1034.09	1038	99.62
Orang_Jaqo_Zeb2_neg_R1	9136678	HSMAR1:Mariner:DNA	699	121.832061477	1026	1070.39	1073	99.76
Orang_Jaqo_Zeb2_neg_R1	9136678	L1M4b:L1:LINE	5572	271.740448577	999	1018.08	1028	99.04
Orang_Jaqo_Zeb2_neg_R1	9136678	L1MA6:L1:LINE	4734	288.677411905	994	1004.30	1012	99.24
Orang_Jaqo_Zeb2_neg_R1	9136678	MER21A:ERV1:LTR	1654	227.381810466	984	1000.63	1010	99.07
Orang_Jaqo_Zeb2_neg_R1	9136678	MER20B:MER1_type:DNA	3448	378.220148247	983	991.35	998	99.33
Orang_Jaqo_Zeb2_neg_R1	9136678	MLT1N2:MaLR:LTR	5355	302.077335549	954	957.50	959	99.84
Orang_Jaqo_Zeb2_neg_R1	9136678	MER117:MER1_type:DNA	3989	493.630710327	943	947.79	950	99.77
Orang_Jaqo_Zeb2_neg_R1	9136678	MER68:ERVL:LTR	1690	289.332289303	927	953.70	958	99.55
Orang_Jaqo_Zeb2_neg_R1	9136678	ERVL-E-int:ERVL:LTR	9815	318.695137197	918	960.27	969	99.10
Orang_Jaqo_Zeb2_neg_R1	9136678	L1M1:L1:LINE	9780	293.582056843	916	948.49	961	98.70
Orang_Jaqo_Zeb2_neg_R1	9136678	L1MD1:L1:LINE	5870	266.08704087	916	931.92	940	99.14
Orang_Jaqo_Zeb2_neg_R1	9136678	MER112:MER1_type:DNA	3808	456.763591663	909	916.74	921	99.54
Orang_Jaqo_Zeb2_neg_R1	9136678	MER102b:MER1_type:DNA	3661	394.706942203	884	890.70	895	99.52
Orang_Jaqo_Zeb2_neg_R1	9136678	L1MD3:L1:LINE	4494	352.485099579	883	891.80	894	99.75
Orang_Jaqo_Zeb2_neg_R1	9136678	LTR84a:ERVL:LTR	595	120.041735904	873	886.07	892	99.34
Orang_Jaqo_Zeb2_neg_R1	9136678	L1P1:L1:LINE	12720	434.998844759	866	1274.25	1788	71.27
Orang_Jaqo_Zeb2_neg_R1	9136678	Tigger7:MER2_type:DNA	3382	281.674057199	856	867.32	872	99.46
Orang_Jaqo_Zeb2_neg_R1	9136678	L1PREC2:L1:LINE	7458	263.432561529	848	870.87	879	99.07
Orang_Jaqo_Zeb2_neg_R1	9136678	MER103:DNA:DNA	6021	508.346297796	848	854.84	858	99.63
Orang_Jaqo_Zeb2_neg_R1	9136678	L1MA2:L1:LINE	6455	245.265306264	840	864.26	869	99.45
Orang_Jaqo_Zeb2_neg_R1	9136678	MSTA-int:MaLR:LTR	2442	104.562358129	831	850.62	857	99.26
Orang_Jaqo_Zeb2_neg_R1	9136678	MER46C:MER2_type:DNA	2455	358.26807402	829	833.92	839	99.39
Orang_Jaqo_Zeb2_neg_R1	9136678	MLT1F2:MaLR:LTR	5213	288.201344364	828	843.11	850	99.19
Orang_Jaqo_Zeb2_neg_R1	9136678	L1PA10:L1:LINE	6527	195.249497407	827	849.88	860	98.82
Orang_Jaqo_Zeb2_neg_R1	9136678	Tigger4b:MER2_type:DNA	2026	315.919636781	820	822.89	826	99.62
Orang_Jaqo_Zeb2_neg_R1	9136678	MSTD:MaLR:LTR	6735	358.846175394	819	838.42	850	98.64
Orang_Jaqo_Zeb2_neg_R1	9136678	L1M4c:L1:LINE	5563	283.368640012	800	817.15	824	99.17
Orang_Jaqo_Zeb2_neg_R1	9136678	L1MA5:L1:LINE	3884	180.224704349	794	800.69	802	99.84
Orang_Jaqo_Zeb2_neg_R1	9136678	MER47A:MER2_type:DNA	2293	270.017819429	794	800.01	803	99.63
Orang_Jaqo_Zeb2_neg_R1	9136678	L1MA7:L1:LINE	7340	308.716909867	788	804.43	812	99.07
Orang_Jaqo_Zeb2_neg_R1	9136678	L1MDa:L1:LINE	6413	229.998983213	768	795.23	804	98.91
Orang_Jaqo_Zeb2_neg_R1	9136678	THE1C:MaLR:LTR	8887	330.784386627	768	789.80	795	99.35
Orang_Jaqo_Zeb2_neg_R1	9136678	Tigger2:MER2_type:DNA	3067	197.178284884	756	762.87	766	99.59
Orang_Jaqo_Zeb2_neg_R1	9136678	HUERS-P3-int:ERV1:LTR	623	42.2173526743	754	774.04	777	99.62
Orang_Jaqo_Zeb2_neg_R1	9136678	MER30:MER1_type:DNA	3552	403.294476285	753	757.85	759	99.85
Orang_Jaqo_Zeb2_neg_R1	9136678	MER82:MER2_type:DNA	2821	231.065146794	749	754.93	761	99.20
Orang_Jaqo_Zeb2_neg_R1	9136678	MLT1I:MaLR:LTR	9635	349.865363977	748	785.28	796	98.65
Orang_Jaqo_Zeb2_neg_R1	9136678	MER44A:MER2_type:DNA	2147	254.213001914	741	759.42	770	98.63
Orang_Jaqo_Zeb2_neg_R1	9136678	MLT1F1:MaLR:LTR	2818	249.927699704	729	739.41	749	98.72
Orang_Jaqo_Zeb2_neg_R1	9136678	LTR12C:ERV1:LTR	2559	251.526014735	724	791.68	797	99.33
Orang_Jaqo_Zeb2_neg_R1	9136678	L1PA8:L1:LINE	6886	231.146303281	720	738.46	771	95.78
Orang_Jaqo_Zeb2_neg_R1	9136678	L1MC2:L1:LINE	5301	244.244660236	719	736.09	746	98.67
Orang_Jaqo_Zeb2_neg_R1	9136678	L1M3:L1:LINE	6532	269.432370055	718	765.95	775	98.83
Orang_Jaqo_Zeb2_neg_R1	9136678	Charlie16a:MER1_type:DNA	1676	357.249847251	716	720.36	722	99.77
Orang_Jaqo_Zeb2_neg_R1	9136678	MSTB1:MaLR:LTR	4320	229.795859673	704	726.40	726	100.05
Orang_Jaqo_Zeb2_neg_R1	9136678	MER91A:Tip100:DNA	3206	380.673674796	696	701.77	705	99.54
Orang_Jaqo_Zeb2_neg_R1	9136678	HAL1b:L1:LINE	4030	338.078351968	691	695.08	702	99.01
Orang_Jaqo_Zeb2_neg_R1	9136678	MER113:MER1_type:DNA	3441	279.79731984	683	687.99	694	99.13
Orang_Jaqo_Zeb2_neg_R1	9136678	MER102a:MER1_type:DNA	2903	300.743857944	680	682.50	683	99.93
Orang_Jaqo_Zeb2_neg_R1	9136678	MSTC:MaLR:LTR	2768	169.043196964	679	689.74	700	98.53
Orang_Jaqo_Zeb2_neg_R1	9136678	L1MA4A:L1:LINE	5401	205.883508986	677	694.97	700	99.28
Orang_Jaqo_Zeb2_neg_R1	9136678	MER104:Tc2:DNA	1940	317.303781105	677	680.62	685	99.36
Orang_Jaqo_Zeb2_neg_R1	9136678	MER2B:MER2_type:DNA	1242	217.838997209	676	680.22	685	99.30
Orang_Jaqo_Zeb2_neg_R1	9136678	HERV4_I-int:ERV1:LTR	330	97.973878017	657	708.75	728	97.36
Orang_Jaqo_Zeb2_neg_R1	9136678	LTR16C:ERVL:LTR	6262	238.462907505	655	665.72	675	98.62
Orang_Jaqo_Zeb2_neg_R1	9136678	MamRep434:TcMar:DNA	1912	251.099809539	654	655.06	656	99.86
Orang_Jaqo_Zeb2_neg_R1	9136678	L1ME5:L1:LINE	3065	178.418365996	647	656.38	660	99.45
Orang_Jaqo_Zeb2_neg_R1	9136678	MLT1F:MaLR:LTR	3826	255.843225043	647	662.37	684	96.84
Orang_Jaqo_Zeb2_neg_R1	9136678	SVA_D:Other:Other	476	166.496203528	644	674.68	695	97.08
Orang_Jaqo_Zeb2_neg_R1	9136678	L1PB4:L1:LINE	6630	230.922121042	640	660.97	663	99.69
Orang_Jaqo_Zeb2_neg_R1	9136678	Harlequin-int:ERV1:LTR	546	85.2734069223	639	706.16	709	99.60
Orang_Jaqo_Zeb2_neg_R1	9136678	MLT1A1:MaLR:LTR	5915	250.607983029	639	660.47	674	97.99
Orang_Jaqo_Zeb2_neg_R1	9136678	MamRep137:TcMar?:DNA	2057	269.488975253	638	641.91	646	99.37
Orang_Jaqo_Zeb2_neg_R1	9136678	MER61-int:ERV1:LTR	1071	54.2881104833	631	719.86	756	95.22
Orang_Jaqo_Zeb2_neg_R1	9136678	Charlie15a:MER1_type:DNA	2988	347.217745866	629	632.70	636	99.48
Orang_Jaqo_Zeb2_neg_R1	9136678	Charlie4a:MER1_type:DNA	2923	274.293251012	621	625.40	628	99.59
Orang_Jaqo_Zeb2_neg_R1	9136678	Charlie1b:MER1_type:DNA	2106	240.170469839	617	623.26	626	99.56
Orang_Jaqo_Zeb2_neg_R1	9136678	MLT1E2:MaLR:LTR	3504	203.381651818	613	627.71	633	99.16
Orang_Jaqo_Zeb2_neg_R1	9136678	LTR8:ERV1:LTR	3127	194.843588476	604	618.50	621	99.60
Orang_Jaqo_Zeb2_neg_R1	9136678	Tigger10:Tigger:DNA	929	175.598333635	600	608.48	610	99.75
Orang_Jaqo_Zeb2_neg_R1	9136678	MER65C:ERV1:LTR	577	104.410071825	599	600.82	603	99.64
Orang_Jaqo_Zeb2_neg_R1	9136678	MER58C:MER1_type:DNA	2182	308.789535751	595	600.26	603	99.55
Orang_Jaqo_Zeb2_neg_R1	9136678	L1PA17:L1:LINE	4276	175.96110097	587	598.25	601	99.54
Orang_Jaqo_Zeb2_neg_R1	9136678	THE1A:MaLR:LTR	3752	193.757377214	586	594.37	598	99.39
Orang_Jaqo_Zeb2_neg_R1	9136678	Tigger4:MER2_type:DNA	1473	144.409139945	584	593.50	594	99.92
Orang_Jaqo_Zeb2_neg_R1	9136678	Alu:Alu:SINE	12630	390.343718321	562	576.91	588	98.11
Orang_Jaqo_Zeb2_neg_R1	9136678	MER4-int:ERV1:LTR	2501	145.664912601	560	577.22	582	99.18
Orang_Jaqo_Zeb2_neg_R1	9136678	LTR78:ERV1:LTR	4260	197.858784163	551	559.19	562	99.50
Orang_Jaqo_Zeb2_neg_R1	9136678	MER9:ERVK:LTR	986	106.561325508	551	569.70	577	98.73
Orang_Jaqo_Zeb2_neg_R1	9136678	MER81:AcHobo:DNA	3238	386.304321036	543	545.00	551	98.91
Orang_Jaqo_Zeb2_neg_R1	9136678	LTR2B:ERV1:LTR	289	77.8335631663	538	543.10	547	99.29
Orang_Jaqo_Zeb2_neg_R1	9136678	MLT1J2:MaLR:LTR	6216	287.083520672	534	546.54	557	98.12
Orang_Jaqo_Zeb2_neg_R1	9136678	Tigger2a:MER2_type:DNA	2920	229.097090021	531	543.51	549	99.00
Orang_Jaqo_Zeb2_neg_R1	9136678	LTR16A:ERVL:LTR	6311	230.400470542	526	531.51	537	98.98
Orang_Jaqo_Zeb2_neg_R1	9136678	L1PA11:L1:LINE	3673	141.779635503	525	539.49	543	99.35
Orang_Jaqo_Zeb2_neg_R1	9136678	MLT1G1:MaLR:LTR	3149	192.129359433	524	530.20	534	99.29
Orang_Jaqo_Zeb2_neg_R1	9136678	HAL1-2a_MD:L1:LINE	602	270.227898551	513	516.50	517	99.90
Orang_Jaqo_Zeb2_neg_R1	9136678	LTR87:ERVL?:LTR	556	109.146663689	506	508.05	509	99.81
Orang_Jaqo_Zeb2_neg_R1	9136678	HERVH-int:ERV1:LTR	3112	199.822418404	502	554.42	557	99.54
Orang_Jaqo_Zeb2_neg_R1	9136678	AluJo/FLAM:Alu:SINE	2015	245.688440883	496	516.31	539	95.79
Orang_Jaqo_Zeb2_neg_R1	9136678	MER77:ERVL:LTR	2124	175.750038056	494	499.34	502	99.47
Orang_Jaqo_Zeb2_neg_R1	9136678	L1M6:L1:LINE	5919	223.5277297	492	497.65	506	98.35
Orang_Jaqo_Zeb2_neg_R1	9136678	LTR48B:ERV1:LTR	911	116.827077917	491	493.00	495	99.60
Orang_Jaqo_Zeb2_neg_R1	9136678	Tigger5:MER2_type:DNA	2633	241.353793478	490	494.05	497	99.41
Orang_Jaqo_Zeb2_neg_R1	9136678	MER94:AcHobo:DNA	4136	285.138717437	486	493.00	493	100.00
Orang_Jaqo_Zeb2_neg_R1	9136678	MER4D1:ERV1:LTR	1262	117.201503509	484	486.82	488	99.76
Orang_Jaqo_Zeb2_neg_R1	9136678	LTR5_Hs:ERVK:LTR	425	101.800739822	483	526.42	531	99.14
Orang_Jaqo_Zeb2_neg_R1	9136678	MamSINE1:tRNA:SINE	1445	256.664138498	482	486.00	486	100.00
Orang_Jaqo_Zeb2_neg_R1	9136678	Charlie5:MER1_type:DNA	2389	173.68944093	477	498.25	502	99.25
Orang_Jaqo_Zeb2_neg_R1	9136678	L1MB1:L1:LINE	5347	135.129320115	474	483.14	489	98.80
Orang_Jaqo_Zeb2_neg_R1	9136678	MER11C:ERVK:LTR	744	114.746499955	474	523.36	530	98.75
Orang_Jaqo_Zeb2_neg_R1	9136678	Cheshire:MER1_type:DNA	1226	127.063672579	473	477.00	478	99.79
Orang_Jaqo_Zeb2_neg_R1	9136678	MLT1E1A:MaLR:LTR	2980	150.123970851	468	478.71	482	99.32
Orang_Jaqo_Zeb2_neg_R1	9136678	Charlie6:MER1_type:DNA	232	44.9882068733	460	471.00	471	100.00
Orang_Jaqo_Zeb2_neg_R1	9136678	L1MA5A:L1:LINE	2911	122.468659905	457	472.22	474	99.62
Orang_Jaqo_Zeb2_neg_R1	9136678	L1P3:L1:LINE	4111	99.4570098756	452	465.90	482	96.66
Orang_Jaqo_Zeb2_neg_R1	9136678	L1MCc:L1:LINE	3029	127.808064311	451	454.75	456	99.73
Orang_Jaqo_Zeb2_neg_R1	9136678	L1P2:L1:LINE	2566	87.7667006501	450	473.91	512	92.56
Orang_Jaqo_Zeb2_neg_R1	9136678	HERV9-int:ERV1:LTR	992	99.6877432417	447	471.47	472	99.89
Orang_Jaqo_Zeb2_neg_R1	9136678	Charlie2b:MER1_type:DNA	2553	174.929505616	443	449.18	452	99.38
Orang_Jaqo_Zeb2_neg_R1	9136678	MER102c:MER1_type:DNA	2580	241.546661375	443	447.20	448	99.82
Orang_Jaqo_Zeb2_neg_R1	9136678	MLT2B3:ERVL:LTR	2795	119.422506358	440	443.40	446	99.42
Orang_Jaqo_Zeb2_neg_R1	9136678	CR1_Mam:CR1:LINE	1499	182.87045794	435	435.84	437	99.74
Orang_Jaqo_Zeb2_neg_R1	9136678	HERV3-int:ERV1:LTR	248	47.3467976775	433	456.84	460	99.31
Orang_Jaqo_Zeb2_neg_R1	9136678	MLT2F:ERVL:LTR	1738	87.8434507782	431	435.00	437	99.54
Orang_Jaqo_Zeb2_neg_R1	9136678	AluS:Alu:SINE	3956	250.40741396	428	436.50	444	98.31
Orang_Jaqo_Zeb2_neg_R1	9136678	MLT1M:MaLR:LTR	2507	218.154960833	428	433.17	438	98.90
Orang_Jaqo_Zeb2_neg_R1	9136678	LTR13:ERVK:LTR	425	103.076191607	425	451.30	456	98.97
Orang_Jaqo_Zeb2_neg_R1	9136678	MER41B:ERV1:LTR	2517	107.159721759	411	422.75	427	99.00
Orang_Jaqo_Zeb2_neg_R1	9136678	MamGyp-int:Gypsy:LTR	310	66.314368563	410	411.00	411	100.00
Orang_Jaqo_Zeb2_neg_R1	9136678	LTR2C:ERV1:LTR	264	97.664463792	406	414.96	419	99.03
Orang_Jaqo_Zeb2_neg_R1	9136678	L1PA15-16:L1:LINE	1421	39.7103115434	405	412.08	414	99.54
Orang_Jaqo_Zeb2_neg_R1	9136678	L1PB3:L1:LINE	3160	114.686962737	405	416.57	419	99.42
Orang_Jaqo_Zeb2_neg_R1	9136678	AluJ/FLAM:Alu:SINE	4379	240.574879925	404	409.88	416	98.53
Orang_Jaqo_Zeb2_neg_R1	9136678	HERVK-int:ERVK:LTR	189	61.5203090389	402	416.18	418	99.56
Orang_Jaqo_Zeb2_neg_R1	9136678	MER57A-int:ERV1:LTR	1699	109.619656191	402	411.71	419	98.26
Orang_Jaqo_Zeb2_neg_R1	9136678	L1P4:L1:LINE	3899	127.384013903	400	429.67	435	98.77
Orang_Jaqo_Zeb2_neg_R1	9136678	LTR42:ERVL:LTR	259	103.432202512	393	397.73	398	99.93
Orang_Jaqo_Zeb2_neg_R1	9136678	MER113A:MER1_type:DNA	1765	176.336308586	392	403.93	407	99.24
Orang_Jaqo_Zeb2_neg_R1	9136678	MER4A1:ERV1:LTR	1869	85.2297922052	392	397.31	401	99.08
Orang_Jaqo_Zeb2_neg_R1	9136678	HERVIP10F-int:ERV1:LTR	421	68.378170405	390	409.17	415	98.59
Orang_Jaqo_Zeb2_neg_R1	9136678	L1M7:L1:LINE	3670	138.277523718	390	392.85	396	99.20
Orang_Jaqo_Zeb2_neg_R1	9136678	MLT2D:ERVL:LTR	3906	137.570645182	386	402.31	411	97.89
Orang_Jaqo_Zeb2_neg_R1	9136678	AluJ:Alu:SINE	2302	200.282763592	385	391.18	395	99.03
Orang_Jaqo_Zeb2_neg_R1	9136678	MER41A:ERV1:LTR	2289	123.466455678	385	403.03	408	98.78
Orang_Jaqo_Zeb2_neg_R1	9136678	Tigger13a:MER2_type:DNA	2640	189.975687891	383	390.06	392	99.51
Orang_Jaqo_Zeb2_neg_R1	9136678	Tigger16b:Tigger:DNA	873	193.482331859	383	383.00	383	100.00
Orang_Jaqo_Zeb2_neg_R1	9136678	MER8:MER2_type:DNA	1694	158.513963603	382	388.15	391	99.27
Orang_Jaqo_Zeb2_neg_R1	9136678	MER49:ERV1:LTR	1129	88.0510441697	379	394.36	401	98.34
Orang_Jaqo_Zeb2_neg_R1	9136678	MER90:ERV1:LTR	621	70.5064266949	373	384.02	387	99.23
Orang_Jaqo_Zeb2_neg_R1	9136678	AmnSINE1:SINE:SINE	977	188.050500331	372	372.00	372	100.00
Orang_Jaqo_Zeb2_neg_R1	9136678	MER41-int:ERV1:LTR	1563	67.8493727945	372	390.47	396	98.60
Orang_Jaqo_Zeb2_neg_R1	9136678	HERVK3-int:ERVK:LTR	243	56.511759055	366	424.92	452	94.01
Orang_Jaqo_Zeb2_neg_R1	9136678	MLT1H2:MaLR:LTR	4149	156.827218283	364	369.66	374	98.84
Orang_Jaqo_Zeb2_neg_R1	9136678	MER53:hAT:DNA	4971	211.778293888	362	367.00	367	100.00
Orang_Jaqo_Zeb2_neg_R1	9136678	Charlie2a:MER1_type:DNA	2359	148.465455202	357	359.43	361	99.56
Orang_Jaqo_Zeb2_neg_R1	9136678	Tigger6a:MER2_type:DNA	681	59.0372355126	357	359.00	359	100.00
Orang_Jaqo_Zeb2_neg_R1	9136678	L1MA1:L1:LINE	3822	125.433873349	356	364.51	377	96.69
Orang_Jaqo_Zeb2_neg_R1	9136678	HERV16-int:ERVL:LTR	3923	113.924196647	353	372.50	374	99.60
Orang_Jaqo_Zeb2_neg_R1	9136678	Charlie7:MER1_type:DNA	3305	184.306979664	349	352.03	355	99.16
Orang_Jaqo_Zeb2_neg_R1	9136678	MST-int:MaLR:LTR	325	62.4183427283	343	343.75	345	99.64
Orang_Jaqo_Zeb2_neg_R1	9136678	LTR10C:ERV1:LTR	459	64.7331191689	341	351.83	355	99.11
Orang_Jaqo_Zeb2_neg_R1	9136678	MER50:ERV1:LTR	2354	98.1188119515	340	342.20	344	99.48
Orang_Jaqo_Zeb2_neg_R1	9136678	LTR41:ERVL:LTR	1415	94.5255101307	338	346.23	351	98.64
Orang_Jaqo_Zeb2_neg_R1	9136678	L1MA10:L1:LINE	4336	144.099164727	336	346.58	352	98.46
Orang_Jaqo_Zeb2_neg_R1	9136678	HERVK9-int:ERVK:LTR	643	59.276317029	334	346.59	349	99.31
Orang_Jaqo_Zeb2_neg_R1	9136678	THE1A-int:MaLR:LTR	722	33.6896778367	333	349.14	354	98.63
Orang_Jaqo_Zeb2_neg_R1	9136678	MER4A:ERV1:LTR	975	91.1487286617	328	332.08	334	99.42
Orang_Jaqo_Zeb2_neg_R1	9136678	MER63D:AcHobo:DNA	1294	105.305240653	323	326.00	326	100.00
Orang_Jaqo_Zeb2_neg_R1	9136678	Charlie18a:MER1_type:DNA	2150	178.996966054	321	323.14	327	98.82
Orang_Jaqo_Zeb2_neg_R1	9136678	Tigger3:MER2_type:DNA	1650	130.579688941	319	328.60	336	97.80
Orang_Jaqo_Zeb2_neg_R1	9136678	HERVE-int:ERV1:LTR	225	19.3555360901	317	339.95	342	99.40
Orang_Jaqo_Zeb2_neg_R1	9136678	HERVL-int:ERVL:LTR	2512	77.8019258966	317	328.19	332	98.85
Orang_Jaqo_Zeb2_neg_R1	9136678	MER68-int:ERVL:LTR	310	37.1066035295	317	321.00	321	100.00
Orang_Jaqo_Zeb2_neg_R1	9136678	LTR50:ERVL:LTR	2323	128.889304718	316	339.66	342	99.32
Orang_Jaqo_Zeb2_neg_R1	9136678	THE1D-int:MaLR:LTR	1344	45.2162077464	314	320.64	323	99.27
Orang_Jaqo_Zeb2_neg_R1	9136678	MER63A:AcHobo:DNA	3201	157.534065756	313	314.22	315	99.75
Orang_Jaqo_Zeb2_neg_R1	9136678	Charlie19a:Charlie:DNA	1440	177.098797275	311	312.50	313	99.84
Orang_Jaqo_Zeb2_neg_R1	9136678	MER51D:ERV1:LTR	136	66.8408344652	311	327.49	338	96.89
Orang_Jaqo_Zeb2_neg_R1	9136678	Kanga2_a:Tc2:DNA	1324	111.13428338	307	309.55	311	99.53
Orang_Jaqo_Zeb2_neg_R1	9136678	MLT1J1:MaLR:LTR	4346	148.962473259	306	317.12	321	98.79
Orang_Jaqo_Zeb2_neg_R1	9136678	Charlie17a:MER1_type:DNA	1294	144.320947183	304	304.00	305	99.67
Orang_Jaqo_Zeb2_neg_R1	9136678	Tigger12:MER2_type:DNA	628	116.564127595	304	311.00	312	99.68
Orang_Jaqo_Zeb2_neg_R1	9136678	Tigger3c:MER2_type:DNA	1541	110.521879367	300	304.94	309	98.69
Orang_Jaqo_Zeb2_neg_R1	9136678	LTR13A:ERVK:LTR	172	60.6870741029	296	348.00	348	100.00
Orang_Jaqo_Zeb2_neg_R1	9136678	MLT1E3:MaLR:LTR	1660	83.6187042878	295	295.36	297	99.45
Orang_Jaqo_Zeb2_neg_R1	9136678	AluSp/q:Alu:SINE	4018	187.667093775	291	298.01	318	93.71
Orang_Jaqo_Zeb2_neg_R1	9136678	L1PB:L1:LINE	1960	66.37816758	291	298.27	305	97.79
Orang_Jaqo_Zeb2_neg_R1	9136678	MLT2C1:ERVL:LTR	2284	122.534616763	291	293.68	295	99.55
Orang_Jaqo_Zeb2_neg_R1	9136678	HERVK22-int:ERVK:LTR	307	33.9038951064	290	304.30	314	96.91
Orang_Jaqo_Zeb2_neg_R1	9136678	MER39:ERV1:LTR	2818	104.247134128	288	292.75	295	99.24
Orang_Jaqo_Zeb2_neg_R1	9136678	ERVL-B4-int:ERVL:LTR	3850	96.5204029745	287	291.31	296	98.42
Orang_Jaqo_Zeb2_neg_R1	9136678	LTR49-int:ERV1:LTR	1877	78.1440404796	285	299.79	310	96.71
Orang_Jaqo_Zeb2_neg_R1	9136678	MLT2B4:ERVL:LTR	3944	125.937640186	285	291.88	294	99.28
Orang_Jaqo_Zeb2_neg_R1	9136678	LTR33B:ERVL:LTR	2358	136.298196438	284	288.56	292	98.82
Orang_Jaqo_Zeb2_neg_R1	9136678	MADE2:Mariner:DNA	2300	191.152693385	284	286.68	288	99.54
Orang_Jaqo_Zeb2_neg_R1	9136678	MER6A:MER2_type:DNA	901	73.7568497902	284	285.00	285	100.00
Orang_Jaqo_Zeb2_neg_R1	9136678	Charlie9:MER1_type:DNA	860	74.5589997322	283	297.50	299	99.50
Orang_Jaqo_Zeb2_neg_R1	9136678	LTR41B:ERVL:LTR	843	101.22041528	281	300.02	301	99.67
Orang_Jaqo_Zeb2_neg_R1	9136678	MamRep38:hAT:DNA	1763	163.360229509	280	281.49	282	99.82
Orang_Jaqo_Zeb2_neg_R1	9136678	LTR89:ERVL?:LTR	1027	121.925778157	274	276.58	277	99.85
Orang_Jaqo_Zeb2_neg_R1	9136678	LTR9:ERV1:LTR	1764	82.1921312448	273	274.48	277	99.09
Orang_Jaqo_Zeb2_neg_R1	9136678	MER65D:ERV1:LTR	372	63.1729289383	273	283.87	292	97.22
Orang_Jaqo_Zeb2_neg_R1	9136678	MER67B:ERV1:LTR	435	60.1053035396	273	278.57	281	99.14
Orang_Jaqo_Zeb2_neg_R1	9136678	MER51A:ERV1:LTR	881	94.6352823701	267	271.10	273	99.30
Orang_Jaqo_Zeb2_neg_R1	9136678	MER101-int:ERV1:LTR	1084	83.9348920456	266	275.00	281	97.87
Orang_Jaqo_Zeb2_neg_R1	9136678	LTR8A:ERV1:LTR	2539	95.9676924034	265	276.04	280	98.59
Orang_Jaqo_Zeb2_neg_R1	9136678	LTR39:ERV1:LTR	1035	44.6391908757	263	263.87	265	99.57
Orang_Jaqo_Zeb2_neg_R1	9136678	MER90a:ERV1:LTR	1046	89.8048754692	262	262.45	266	98.67
Orang_Jaqo_Zeb2_neg_R1	9136678	LOR1-int:ERV1:LTR	1170	61.6749723438	260	266.54	270	98.72
Orang_Jaqo_Zeb2_neg_R1	9136678	LTR79:ERVL:LTR	3621	147.418083587	260	261.88	264	99.20
Orang_Jaqo_Zeb2_neg_R1	9136678	LTR16A1:ERVL:LTR	3628	141.379093267	259	264.75	265	99.91
Orang_Jaqo_Zeb2_neg_R1	9136678	LTR16B1:ERVL:LTR	1657	96.5522157868	258	260.98	263	99.23
Orang_Jaqo_Zeb2_neg_R1	9136678	Kanga1:Tc2:DNA	1029	81.8211450047	256	257.00	257	100.00
Orang_Jaqo_Zeb2_neg_R1	9136678	LTR2:ERV1:LTR	780	80.5902547277	255	258.54	262	98.68
Orang_Jaqo_Zeb2_neg_R1	9136678	MER44C:MER2_type:DNA	733	71.1416873635	253	256.55	263	97.55
Orang_Jaqo_Zeb2_neg_R1	9136678	THE1B-int:MaLR:LTR	2474	82.9903524432	253	283.05	301	94.04
Orang_Jaqo_Zeb2_neg_R1	9136678	MER63B:AcHobo:DNA	2119	148.213777318	252	256.00	256	100.00
Orang_Jaqo_Zeb2_neg_R1	9136678	MLT1G3:MaLR:LTR	2402	129.572366367	251	259.09	262	98.89
Orang_Jaqo_Zeb2_neg_R1	9136678	LTR7:ERV1:LTR	1489	99.3742886289	249	257.53	265	97.18
Orang_Jaqo_Zeb2_neg_R1	9136678	MLT1G:MaLR:LTR	2451	104.442454408	248	252.02	256	98.45
Orang_Jaqo_Zeb2_neg_R1	9136678	Tigger2b_Pri:MER2_type:DNA	1176	82.1229739399	246	249.50	251	99.40
Orang_Jaqo_Zeb2_neg_R1	9136678	Tigger12c:MER2_type:DNA	929	146.151719346	244	247.50	249	99.40
Orang_Jaqo_Zeb2_neg_R1	9136678	AluJo/FRAM:Alu:SINE	1243	130.404663578	243	247.67	249	99.46
Orang_Jaqo_Zeb2_neg_R1	9136678	MLT2B1:ERVL:LTR	3966	96.1137329266	243	251.72	258	97.57
Orang_Jaqo_Zeb2_neg_R1	9136678	MLT1H1:MaLR:LTR	3095	113.459381151	242	246.84	252	97.95
Orang_Jaqo_Zeb2_neg_R1	9136678	Charlie14a:MER1_type:DNA	634	51.0703775695	241	243.78	248	98.30
Orang_Jaqo_Zeb2_neg_R1	9136678	L1M3c:L1:LINE	1062	65.5601990021	241	242.00	242	100.00
Orang_Jaqo_Zeb2_neg_R1	9136678	HERVI-int:ERV1:LTR	132	23.2926081715	240	248.99	251	99.20
Orang_Jaqo_Zeb2_neg_R1	9136678	MamRep1161:TcMar:DNA	1417	158.41500891	240	244.00	244	100.00
Orang_Jaqo_Zeb2_neg_R1	9136678	Charlie22a:MER1_type:DNA	911	97.4800121663	238	239.43	240	99.76
Orang_Jaqo_Zeb2_neg_R1	9136678	LFSINE_Vert:SINE:SINE	866	149.773925381	238	238.00	238	100.00
Orang_Jaqo_Zeb2_neg_R1	9136678	MSTB-int:MaLR:LTR	766	45.3216543247	238	243.45	244	99.77
Orang_Jaqo_Zeb2_neg_R1	9136678	Tigger14a:MER2_type:DNA	1104	154.014262068	238	238.74	241	99.06
Orang_Jaqo_Zeb2_neg_R1	9136678	Looper:PiggyBac:DNA	456	51.1015513161	235	239.00	239	100.00
Orang_Jaqo_Zeb2_neg_R1	9136678	MER52A:ERV1:LTR	1580	70.3812588346	235	239.27	239	100.11
Orang_Jaqo_Zeb2_neg_R1	9136678	MamRep4096:hAT?:DNA	1106	76.3234794613	235	235.70	236	99.87
Orang_Jaqo_Zeb2_neg_R1	9136678	MER91B:Tip100:DNA	1351	150.687376716	234	236.68	237	99.87
Orang_Jaqo_Zeb2_neg_R1	9136678	AluYb9:Alu:SINE	132	46.1773697203	229	232.20	234	99.23
Orang_Jaqo_Zeb2_neg_R1	9136678	L1PA14:L1:LINE	2716	70.2543290973	226	231.09	233	99.18
Orang_Jaqo_Zeb2_neg_R1	9136678	MER47C:MER2_type:DNA	677	90.2497950448	225	228.52	230	99.36
Orang_Jaqo_Zeb2_neg_R1	9136678	MLT1C-int:MaLR:LTR	413	34.5869221175	225	226.72	228	99.44
Orang_Jaqo_Zeb2_neg_R1	9136678	MLT2A1:ERVL:LTR	3169	87.5592599449	218	222.41	225	98.85
Orang_Jaqo_Zeb2_neg_R1	9136678	THE1C-int:MaLR:LTR	1767	46.6691651077	215	222.50	223	99.78
Orang_Jaqo_Zeb2_neg_R1	9136678	MER5C:MER1_type:DNA	1163	111.368550582	212	225.52	224	100.68
Orang_Jaqo_Zeb2_neg_R1	9136678	MER96B:hAT:DNA	1828	84.6895690712	212	213.37	216	98.78
Orang_Jaqo_Zeb2_neg_R1	9136678	Tigger8:MER2_type:DNA	747	85.2052590824	212	213.13	214	99.60
Orang_Jaqo_Zeb2_neg_R1	9136678	MER91C:Tip100:DNA	1396	104.195817926	211	215.62	218	98.91
Orang_Jaqo_Zeb2_neg_R1	9136678	MLT2A2:ERVL:LTR	3492	88.6103254315	210	213.21	216	98.71
Orang_Jaqo_Zeb2_neg_R1	9136678	Charlie10:MER1_type:DNA	1087	57.1431199253	209	211.00	211	100.00
Orang_Jaqo_Zeb2_neg_R1	9136678	HERVL40-int:ERVL:LTR	1206	64.1398715191	207	209.50	211	99.29
Orang_Jaqo_Zeb2_neg_R1	9136678	MER54A:ERVL:LTR	533	65.5666714134	207	213.00	213	100.00
Orang_Jaqo_Zeb2_neg_R1	9136678	MER4A1_:ERV1:LTR	344	45.9142476019	204	206.00	206	100.00
Orang_Jaqo_Zeb2_neg_R1	9136678	MER74A:ERVL:LTR	1386	68.840289853	204	239.98	244	98.35
Orang_Jaqo_Zeb2_neg_R1	9136678	THE1-int:MaLR:LTR	445	31.5589880346	204	206.51	209	98.81
Orang_Jaqo_Zeb2_neg_R1	9136678	Zaphod2:Tip100:DNA	553	38.3205298453	203	203.00	203	100.00
Orang_Jaqo_Zeb2_neg_R1	9136678	L1PA12:L1:LINE	1625	39.0219428567	199	203.50	205	99.27
Orang_Jaqo_Zeb2_neg_R1	9136678	MER4B:ERV1:LTR	1499	60.1168908364	198	201.64	204	98.84
Orang_Jaqo_Zeb2_neg_R1	9136678	MamGypLTR3:Gypsy:LTR	751	83.5074906651	198	209.83	210	99.92
Orang_Jaqo_Zeb2_neg_R1	9136678	LTR33A:ERVL:LTR	1794	81.4439708146	196	200.00	201	99.50
Orang_Jaqo_Zeb2_neg_R1	9136678	LTR43-int:ERV1:LTR	65	27.8798681093	195	195.00	195	100.00
Orang_Jaqo_Zeb2_neg_R1	9136678	HERVK13-int:ERVK:LTR	44	20.0556097276	193	201.50	204	98.78
Orang_Jaqo_Zeb2_neg_R1	9136678	L1MEb:L1:LINE	1664	71.7526871227	193	196.02	198	99.00
Orang_Jaqo_Zeb2_neg_R1	9136678	LTR48:ERV1:LTR	940	53.1067842756	193	195.02	197	99.00
Orang_Jaqo_Zeb2_neg_R1	9136678	LTR40a:ERVL:LTR	1898	92.2056760408	192	195.95	198	98.96
Orang_Jaqo_Zeb2_neg_R1	9136678	MER31A:ERV1:LTR	1202	79.4984161347	191	194.76	195	99.88
Orang_Jaqo_Zeb2_neg_R1	9136678	L1PB2:L1:LINE	2677	90.9299562919	186	191.00	193	98.96
Orang_Jaqo_Zeb2_neg_R1	9136678	MADE1:Mariner:DNA	6360	143.683318802	186	188.83	190	99.39
Orang_Jaqo_Zeb2_neg_R1	9136678	BLACKJACK:AcHobo:DNA	1914	58.642858889	177	179.88	182	98.84
Orang_Jaqo_Zeb2_neg_R1	9136678	LTR15:ERV1:LTR	186	29.3383302803	177	178.81	179	99.89
Orang_Jaqo_Zeb2_neg_R1	9136678	MER57-int:ERV1:LTR	1074	37.4200957612	175	182.50	183	99.73
Orang_Jaqo_Zeb2_neg_R1	9136678	MER4C:ERV1:LTR	1100	63.4934953501	174	177.00	178	99.44
Orang_Jaqo_Zeb2_neg_R1	9136678	MER4D:ERV1:LTR	1198	63.3448862671	174	177.67	179	99.26
Orang_Jaqo_Zeb2_neg_R1	9136678	MER4E1:ERV1:LTR	862	46.4860717293	174	176.00	176	100.00
Orang_Jaqo_Zeb2_neg_R1	9136678	LTR12D:ERV1:LTR	433	45.0363215143	173	182.34	185	98.56
Orang_Jaqo_Zeb2_neg_R1	9136678	MER41E:ERV1:LTR	338	60.556215786	173	207.35	196	105.79
Orang_Jaqo_Zeb2_neg_R1	9136678	L1PBa:L1:LINE	2549	47.4773036547	172	187.45	192	97.63
Orang_Jaqo_Zeb2_neg_R1	9136678	MER67C:ERV1:LTR	1490	58.9926083536	172	173.00	173	100.00
Orang_Jaqo_Zeb2_neg_R1	9136678	PRIMA41-int:ERV1:LTR	386	36.5982522653	172	173.00	173	100.00
Orang_Jaqo_Zeb2_neg_R1	9136678	LTR16E1:ERVL:LTR	2283	76.4172615722	171	179.64	182	98.71
Orang_Jaqo_Zeb2_neg_R1	9136678	LTR19A:ERV1:LTR	339	47.1746219028	171	172.00	172	100.00
Orang_Jaqo_Zeb2_neg_R1	9136678	ORSL:Tip100:DNA	1033	74.7564072507	169	171.26	172	99.57
Orang_Jaqo_Zeb2_neg_R1	9136678	LTR1:ERV1:LTR	1272	55.4150509843	168	170.99	176	97.15
Orang_Jaqo_Zeb2_neg_R1	9136678	L1M2a:L1:LINE	464	14.4236233795	167	167.00	168	99.40
Orang_Jaqo_Zeb2_neg_R1	9136678	MER57C1:ERV1:LTR	171	127.616721257	167	168.07	169	99.45
Orang_Jaqo_Zeb2_neg_R1	9136678	MER6B:MER2_type:DNA	554	71.8879794635	166	166.45	167	99.67
Orang_Jaqo_Zeb2_neg_R1	9136678	MLT1E1:MaLR:LTR	942	59.6701464174	166	204.33	209	97.77
Orang_Jaqo_Zeb2_neg_R1	9136678	MER45A:Tip100:DNA	3008	113.650176367	165	169.00	170	99.41
Orang_Jaqo_Zeb2_neg_R1	9136678	Arthur1A:Tip100:DNA	986	93.8835792601	164	164.00	164	100.00
Orang_Jaqo_Zeb2_neg_R1	9136678	LTR65:ERV1:LTR	395	49.5865300844	163	163.00	163	100.00
Orang_Jaqo_Zeb2_neg_R1	9136678	MER85:PiggyBac:DNA	784	90.2620931491	163	163.00	163	100.00
Orang_Jaqo_Zeb2_neg_R1	9136678	MER57B2:ERV1:LTR	950	56.1000346444	161	161.50	162	99.69
Orang_Jaqo_Zeb2_neg_R1	9136678	Charlie21a:MER1_type:DNA	638	52.1418783776	160	163.00	163	100.00
Orang_Jaqo_Zeb2_neg_R1	9136678	LTR49:ERV1:LTR	1165	51.8885033672	160	161.97	164	98.76
Orang_Jaqo_Zeb2_neg_R1	9136678	MER119:MER1_type:DNA	1038	78.4122039411	160	160.50	161	99.69
Orang_Jaqo_Zeb2_neg_R1	9136678	LTR10E:ERV1:LTR	250	38.0673264005	159	161.00	161	100.00
Orang_Jaqo_Zeb2_neg_R1	9136678	LTR7Y:ERV1:LTR	320	63.7507523997	158	164.01	169	97.05
Orang_Jaqo_Zeb2_neg_R1	9136678	MER105:DNA:DNA	630	96.3883217759	158	159.59	161	99.12
Orang_Jaqo_Zeb2_neg_R1	9136678	MER31B:ERV1:LTR	1323	73.0186411297	155	158.09	161	98.20
Orang_Jaqo_Zeb2_neg_R1	9136678	MER47B:MER2_type:DNA	666	40.3188620782	154	155.83	158	98.63
Orang_Jaqo_Zeb2_neg_R1	9136678	MER11B:ERVK:LTR	522	28.4963943718	153	157.43	162	97.18
Orang_Jaqo_Zeb2_neg_R1	9136678	MSTB2:MaLR:LTR	1466	62.39585342	151	152.45	155	98.35
Orang_Jaqo_Zeb2_neg_R1	9136678	Charlie23a:MER1_type:DNA	1238	96.6350355994	150	150.00	150	100.00
Orang_Jaqo_Zeb2_neg_R1	9136678	PRIMA4-int:ERV1:LTR	575	57.9825883739	150	158.21	159	99.50
Orang_Jaqo_Zeb2_neg_R1	9136678	MER44B:MER2_type:DNA	1266	65.5273980146	149	152.79	158	96.70
Orang_Jaqo_Zeb2_neg_R1	9136678	LTR37A:ERV1:LTR	1746	85.2721212625	148	152.67	155	98.50
Orang_Jaqo_Zeb2_neg_R1	9136678	MER34A:ERV1:LTR	1359	58.7212195493	147	148.00	148	100.00
Orang_Jaqo_Zeb2_neg_R1	9136678	MER61E:ERV1:LTR	279	22.860283247	146	149.70	152	98.49
Orang_Jaqo_Zeb2_neg_R1	9136678	AluJ/FRAM:Alu:SINE	1886	92.3694821015	145	146.79	151	97.21
Orang_Jaqo_Zeb2_neg_R1	9136678	L1PA8A:L1:LINE	2345	52.2691785452	144	147.00	151	97.35
Orang_Jaqo_Zeb2_neg_R1	9136678	MER65A:ERV1:LTR	1220	63.7562057379	144	144.00	144	100.00
Orang_Jaqo_Zeb2_neg_R1	9136678	LTR14B:ERVK:LTR	319	42.5133136236	143	155.40	157	98.98
Orang_Jaqo_Zeb2_neg_R1	9136678	LTR53:ERVL:LTR	613	45.14432882	142	143.18	149	96.10
Orang_Jaqo_Zeb2_neg_R1	9136678	MER11A:ERVK:LTR	879	36.3493698496	142	145.50	146	99.66
Orang_Jaqo_Zeb2_neg_R1	9136678	MER115:Tip100:DNA	2195	85.7944959155	141	144.00	147	97.96
Orang_Jaqo_Zeb2_neg_R1	9136678	MER34A1:ERV1:LTR	672	38.4851833703	141	143.00	143	100.00
Orang_Jaqo_Zeb2_neg_R1	9136678	MER31-int:ERV1:LTR	1747	57.0133383256	140	142.50	145	98.28
Orang_Jaqo_Zeb2_neg_R1	9136678	MER34:ERV1:LTR	1210	65.8050155408	139	142.79	145	98.48
Orang_Jaqo_Zeb2_neg_R1	9136678	MLT1B-int:MaLR:LTR	453	28.8362044199	138	141.02	143	98.62
Orang_Jaqo_Zeb2_neg_R1	9136678	LTR12:ERV1:LTR	696	44.5521260061	137	143.04	147	97.31
Orang_Jaqo_Zeb2_neg_R1	9136678	LTR40c:ERVL:LTR	525	60.565265638	137	141.27	144	98.11
Orang_Jaqo_Zeb2_neg_R1	9136678	HERVIP10FH-int:ERV1:LTR	564	42.9137745274	135	137.00	141	97.16
Orang_Jaqo_Zeb2_neg_R1	9136678	L1MCb:L1:LINE	1929	39.987773928	135	140.11	145	96.63
Orang_Jaqo_Zeb2_neg_R1	9136678	LTR10B1:ERV1:LTR	201	28.5199111371	135	140.02	142	98.61
Orang_Jaqo_Zeb2_neg_R1	9136678	MER39B:ERV1:LTR	1009	53.6354439666	135	139.78	143	97.75
Orang_Jaqo_Zeb2_neg_R1	9136678	MLT1D-int:MaLR:LTR	527	29.8943779028	135	139.50	140	99.64
Orang_Jaqo_Zeb2_neg_R1	9136678	AluYd8:Alu:SINE	558	55.6746162154	134	137.11	143	95.88
Orang_Jaqo_Zeb2_neg_R1	9136678	LTR85a:Gypsy?:LTR	1656	64.8432342494	134	134.00	134	100.00
Orang_Jaqo_Zeb2_neg_R1	9136678	MER4E:ERV1:LTR	647	52.5398113609	134	135.72	154	88.13
Orang_Jaqo_Zeb2_neg_R1	9136678	Charlie10a:MER1_type:DNA	244	62.8822919496	133	133.00	133	100.00
Orang_Jaqo_Zeb2_neg_R1	9136678	MER51C:ERV1:LTR	143	28.7574457982	133	136.56	136	100.41
Orang_Jaqo_Zeb2_neg_R1	9136678	MER61C:ERV1:LTR	281	39.422820801	132	167.46	179	93.55
Orang_Jaqo_Zeb2_neg_R1	9136678	LTR21A:ERV1:LTR	75	37.4614095887	131	131.00	131	100.00
Orang_Jaqo_Zeb2_neg_R1	9136678	LTR3B_:ERVK:LTR	236	37.9231987893	131	132.00	132	100.00
Orang_Jaqo_Zeb2_neg_R1	9136678	LTR22A:ERVK:LTR	169	30.0552726101	130	139.70	143	97.69
Orang_Jaqo_Zeb2_neg_R1	9136678	MLT1I-int:MaLR:LTR	730	41.5213680333	130	132.67	136	97.55
Orang_Jaqo_Zeb2_neg_R1	9136678	MER21-int:ERV1:LTR	825	34.3557370443	129	131.50	135	97.41
Orang_Jaqo_Zeb2_neg_R1	9136678	LTR27B:ERV1:LTR	527	28.4279882892	127	128.58	130	98.91
Orang_Jaqo_Zeb2_neg_R1	9136678	LTR54:ERV1:LTR	1022	42.8421835842	126	129.09	128	100.85
Orang_Jaqo_Zeb2_neg_R1	9136678	MER74B:ERVL:LTR	823	62.7458800569	126	152.64	155	98.47
Orang_Jaqo_Zeb2_neg_R1	9136678	MER89:ERV1:LTR	1192	42.6570809348	126	128.57	131	98.14
Orang_Jaqo_Zeb2_neg_R1	9136678	MER51B:ERV1:LTR	664	47.798645936	124	124.52	127	98.04
Orang_Jaqo_Zeb2_neg_R1	9136678	MER52C:ERV1:LTR	342	23.2307378299	123	125.50	126	99.60
Orang_Jaqo_Zeb2_neg_R1	9136678	Tigger3d:MER2_type:DNA	400	43.8017735292	123	127.21	129	98.62
Orang_Jaqo_Zeb2_neg_R1	9136678	Charlie7a:MER1_type:DNA	1277	87.2171045068	120	123.95	125	99.16
Orang_Jaqo_Zeb2_neg_R1	9136678	HERVH48-int:ERV1:LTR	115	11.6598355441	119	124.00	124	100.00
Orang_Jaqo_Zeb2_neg_R1	9136678	L1P4c:L1:LINE	61	37.3040897522	119	119.98	121	99.16
Orang_Jaqo_Zeb2_neg_R1	9136678	LTR3:ERVK:LTR	75	24.273034585	119	146.08	152	96.11
Orang_Jaqo_Zeb2_neg_R1	9136678	LTR33A_:ERVL:LTR	1418	45.3506610636	118	118.00	118	100.00
Orang_Jaqo_Zeb2_neg_R1	9136678	MER96:hAT:DNA	1109	77.5746742367	118	118.00	120	98.33
Orang_Jaqo_Zeb2_neg_R1	9136678	HERV17-int:ERV1:LTR	857	31.2012194586	116	118.09	119	99.24
Orang_Jaqo_Zeb2_neg_R1	9136678	LTR3A:ERVK:LTR	139	31.5800065773	116	116.50	117	99.57
Orang_Jaqo_Zeb2_neg_R1	9136678	LTR43:ERV1:LTR	420	30.4209660078	116	128.85	131	98.36
Orang_Jaqo_Zeb2_neg_R1	9136678	LTR84b:ERVL:LTR	1037	63.1660388543	116	116.78	120	97.31
Orang_Jaqo_Zeb2_neg_R1	9136678	LTR52:ERVL:LTR	961	35.8206786254	114	114.00	114	100.00
Orang_Jaqo_Zeb2_neg_R1	9136678	MER76:ERVL:LTR	627	38.9891366085	114	116.00	116	100.00
Orang_Jaqo_Zeb2_neg_R1	9136678	MLT1A1-int:MaLR:LTR	424	11.5784024505	114	115.00	115	100.00
Orang_Jaqo_Zeb2_neg_R1	9136678	Arthur1:Tip100:DNA	2653	70.5758708831	113	117.50	118	99.58
Orang_Jaqo_Zeb2_neg_R1	9136678	LTR27:ERV1:LTR	341	39.3968463725	113	115.46	116	99.53
Orang_Jaqo_Zeb2_neg_R1	9136678	MER45B:Tip100:DNA	1172	40.6415034452	113	119.00	119	100.00
Orang_Jaqo_Zeb2_neg_R1	9136678	MLT1F1-int:MaLR:LTR	139	18.9686610288	113	116.57	118	98.78
Orang_Jaqo_Zeb2_neg_R1	9136678	MLT2B2:ERVL:LTR	1962	46.5330711801	113	114.11	116	98.37
Orang_Jaqo_Zeb2_neg_R1	9136678	LTR16E2:ERVL:LTR	2045	64.894998261	111	113.55	115	98.74
Orang_Jaqo_Zeb2_neg_R1	9136678	LTR5A:ERVK:LTR	154	24.9261634517	111	113.00	113	100.00
Orang_Jaqo_Zeb2_neg_R1	9136678	LTR82A:ERVL:LTR	1002	41.0860035435	111	119.00	119	100.00
Orang_Jaqo_Zeb2_neg_R1	9136678	L1MEa:L1:LINE	352	35.8656555145	110	110.00	110	100.00
Orang_Jaqo_Zeb2_neg_R1	9136678	MER4D0:ERV1:LTR	402	24.9476963353	109	111.32	113	98.52
Orang_Jaqo_Zeb2_neg_R1	9136678	Kanga1c:Tc2:DNA	535	61.861060452	107	110.00	110	100.00
Orang_Jaqo_Zeb2_neg_R1	9136678	LTR16B2:ERVL:LTR	1409	53.8088614441	107	109.00	110	99.09
Orang_Jaqo_Zeb2_neg_R1	9136678	MER72:ERV1:LTR	676	37.202202491	106	106.00	106	100.00
Orang_Jaqo_Zeb2_neg_R1	9136678	Charlie24:MER1_type:DNA	1093	62.5970593141	105	105.00	105	100.00
Orang_Jaqo_Zeb2_neg_R1	9136678	Tigger9a:Tigger:DNA	911	58.4150912848	105	106.00	107	99.07
Orang_Jaqo_Zeb2_neg_R1	9136678	HERVK14-int:ERVK:LTR	355	21.7794131637	104	105.00	105	100.00
Orang_Jaqo_Zeb2_neg_R1	9136678	LTR7B:ERV1:LTR	685	61.7880040386	104	112.07	116	96.61
Orang_Jaqo_Zeb2_neg_R1	9136678	FLAM:Alu:SINE	1142	72.7264680488	102	102.00	102	100.00
Orang_Jaqo_Zeb2_neg_R1	9136678	MER6:MER2_type:DNA	761	34.3698529851	101	103.50	107	96.73
Orang_Jaqo_Zeb2_neg_R1	9136678	MER34B:ERV1:LTR	594	34.4113636777	100	100.87	102	98.90
Orang_Jaqo_Zeb2_neg_R1	9136678	Tigger9b:MER2_type:DNA	686	44.5148897844	100	100.43	101	99.44
Orang_Jaqo_Zeb2_neg_R1	9136678	MLT1J-int:MaLR:LTR	1285	29.0843929597	99	101.35	103	98.40
Orang_Jaqo_Zeb2_neg_R1	9136678	HUERS-P3b-int:ERV1:LTR	381	19.9312008254	98	101.50	102	99.51
Orang_Jaqo_Zeb2_neg_R1	9136678	MER92B:ERV1:LTR	770	35.7379904286	98	98.35	99	99.34
Orang_Jaqo_Zeb2_neg_R1	9136678	LTR56:ERV1:LTR	800	42.1377161942	97	99.50	100	99.50
Orang_Jaqo_Zeb2_neg_R1	9136678	L1PBa1:L1:LINE	523	21.5138694841	96	99.58	101	98.59
Orang_Jaqo_Zeb2_neg_R1	9136678	MER106B:MER1_type:DNA	725	62.0978776658	96	96.71	98	98.69
Orang_Jaqo_Zeb2_neg_R1	9136678	MER58D:MER1_type:DNA	699	59.3442156693	96	96.43	97	99.41
Orang_Jaqo_Zeb2_neg_R1	9136678	L1M3b:L1:LINE	562	15.0023172159	95	96.00	96	100.00
Orang_Jaqo_Zeb2_neg_R1	9136678	MER61A:ERV1:LTR	728	34.4144839992	95	97.20	99	98.18
Orang_Jaqo_Zeb2_neg_R1	9136678	MamRep1879:hAT?:DNA	1259	67.9688030612	95	95.00	95	100.00
Orang_Jaqo_Zeb2_neg_R1	9136678	LOR1a:ERV1:LTR	677	35.3187849337	93	97.13	104	93.39
Orang_Jaqo_Zeb2_neg_R1	9136678	MSTD-int:MaLR:LTR	678	23.75929249	93	95.00	95	100.00
Orang_Jaqo_Zeb2_neg_R1	9136678	LTR10A:ERV1:LTR	250	24.3250003954	92	94.00	94	100.00
Orang_Jaqo_Zeb2_neg_R1	9136678	MER44D:MER2_type:DNA	556	34.8200289094	92	93.64	96	97.54
Orang_Jaqo_Zeb2_neg_R1	9136678	MLT1E:MaLR:LTR	808	37.0603969878	92	92.00	92	100.00
Orang_Jaqo_Zeb2_neg_R1	9136678	MamGypLTR1b:Gypsy:LTR	1032	42.2572616256	91	91.71	92	99.69
Orang_Jaqo_Zeb2_neg_R1	9136678	Tigger12A:MER2_type:DNA	465	46.8051972651	91	91.00	91	100.00
Orang_Jaqo_Zeb2_neg_R1	9136678	MER45C:Tip100:DNA	1056	38.436641901	89	92.00	92	100.00
Orang_Jaqo_Zeb2_neg_R1	9136678	HERVL74-int:ERVL:LTR	590	39.3927792097	87	96.34	97	99.32
Orang_Jaqo_Zeb2_neg_R1	9136678	LTR73:ERV1:LTR	178	21.8070595177	87	87.00	87	100.00
Orang_Jaqo_Zeb2_neg_R1	9136678	MER65-int:ERV1:LTR	812	35.6283703133	87	87.00	87	100.00
Orang_Jaqo_Zeb2_neg_R1	9136678	MamRep488:hAT:DNA	407	49.5083500092	87	87.55	88	99.49
Orang_Jaqo_Zeb2_neg_R1	9136678	LTR1B:ERV1:LTR	1042	31.3533444366	86	90.00	91	98.90
Orang_Jaqo_Zeb2_neg_R1	9136678	LTR37B:ERV1:LTR	1693	48.040538543	86	86.00	86	100.00
Orang_Jaqo_Zeb2_neg_R1	9136678	MER66B:ERV1:LTR	1204	44.2849331549	86	88.50	89	99.44
Orang_Jaqo_Zeb2_neg_R1	9136678	Charlie20a:Charlie:DNA	731	47.4744956285	85	86.47	87	99.39
Orang_Jaqo_Zeb2_neg_R1	9136678	MLT1A0-int:MaLR:LTR	834	19.4208344442	85	86.76	89	97.48
Orang_Jaqo_Zeb2_neg_R1	9136678	LTR33C:ERVL:LTR	863	38.6851042524	84	84.00	84	100.00
Orang_Jaqo_Zeb2_neg_R1	9136678	MER97c:MER1_type?:DNA	1135	41.0297215859	84	87.50	90	97.22
Orang_Jaqo_Zeb2_neg_R1	9136678	PABL_A:ERV1:LTR	468	27.9180478003	84	84.50	85	99.41
Orang_Jaqo_Zeb2_neg_R1	9136678	L1M3e:L1:LINE	754	28.0979605884	83	84.50	85	99.41
Orang_Jaqo_Zeb2_neg_R1	9136678	MER75:PiggyBac:DNA	434	30.4956081842	83	86.00	87	98.85
Orang_Jaqo_Zeb2_neg_R1	9136678	MLT1H-int:MaLR:LTR	720	34.9625553925	82	85.28	87	98.02
Orang_Jaqo_Zeb2_neg_R1	9136678	Ricksha_c:MuDR:DNA	989	32.1576744515	82	82.52	83	99.42
Orang_Jaqo_Zeb2_neg_R1	9136678	LTR47A:ERVL:LTR	763	39.5648268909	81	84.56	87	97.20
Orang_Jaqo_Zeb2_neg_R1	9136678	MER5C1:MER1_type:DNA	454	42.7863328771	80	80.00	80	100.00
Orang_Jaqo_Zeb2_neg_R1	9136678	Charlie13a:Charlie:DNA	481	41.6357420894	79	81.20	83	97.84
Orang_Jaqo_Zeb2_neg_R1	9136678	LTR32:ERVL:LTR	1123	41.1749059756	79	81.00	81	100.00
Orang_Jaqo_Zeb2_neg_R1	9136678	LTR35:ERV1:LTR	257	21.0441716266	79	80.00	81	98.77
Orang_Jaqo_Zeb2_neg_R1	9136678	MER70-int:ERVL:LTR	206	16.5648349512	79	80.00	80	100.00
Orang_Jaqo_Zeb2_neg_R1	9136678	MLT1G-int:MaLR:LTR	144	8.11664439892	79	79.58	82	97.05
Orang_Jaqo_Zeb2_neg_R1	9136678	L1M3f:L1:LINE	685	19.4748019459	78	79.50	81	98.15
Orang_Jaqo_Zeb2_neg_R1	9136678	LTR16D:ERVL:LTR	1007	34.5438208662	78	78.00	78	100.00
Orang_Jaqo_Zeb2_neg_R1	9136678	LTR46-int:ERV1:LTR	78	11.8514978285	77	81.00	81	100.00
Orang_Jaqo_Zeb2_neg_R1	9136678	MER66A:ERV1:LTR	312	27.7336163973	77	77.46	78	99.30
Orang_Jaqo_Zeb2_neg_R1	9136678	LTR75:ERVL:LTR	339	30.4847613334	76	76.00	76	100.00
Orang_Jaqo_Zeb2_neg_R1	9136678	LTR25-int:ERV1:LTR	342	17.143956257	75	78.00	79	98.73
Orang_Jaqo_Zeb2_neg_R1	9136678	MER63C:AcHobo:DNA	880	35.1780530322	75	75.81	76	99.75
Orang_Jaqo_Zeb2_neg_R1	9136678	MLT1A-int:MaLR:LTR	394	15.8616170949	75	75.87	77	98.53
Orang_Jaqo_Zeb2_neg_R1	9136678	LTR17:ERV1:LTR	767	27.8379646264	74	76.00	76	100.00
Orang_Jaqo_Zeb2_neg_R1	9136678	Tigger11a:MER2_type:DNA	379	40.4964945324	74	77.54	78	99.42
Orang_Jaqo_Zeb2_neg_R1	9136678	Tigger16a:Tigger:DNA	584	57.5172362492	73	74.00	74	100.00
Orang_Jaqo_Zeb2_neg_R1	9136678	LOR1b:ERV1:LTR	948	30.0268059131	72	72.00	74	97.30
Orang_Jaqo_Zeb2_neg_R1	9136678	LTR85c:Gypsy?:LTR	988	40.9124154616	72	72.00	72	100.00
Orang_Jaqo_Zeb2_neg_R1	9136678	MER54B:ERVL:LTR	400	18.6997157579	72	74.46	75	99.28
Orang_Jaqo_Zeb2_neg_R1	9136678	Charlie3:MER1_type:DNA	312	20.9747089163	71	77.25	78	99.04
Orang_Jaqo_Zeb2_neg_R1	9136678	LTR4:ERV1:LTR	77	16.3079413241	71	72.41	73	99.18
Orang_Jaqo_Zeb2_neg_R1	9136678	LTR6A:ERV1:LTR	190	31.1362744784	71	76.24	77	99.02
Orang_Jaqo_Zeb2_neg_R1	9136678	MER106A:MER1_type:DNA	634	45.3168805734	71	71.50	72	99.31
Orang_Jaqo_Zeb2_neg_R1	9136678	MER57E1:ERV1:LTR	454	22.3192979198	71	73.76	75	98.34
Orang_Jaqo_Zeb2_neg_R1	9136678	Charlie13b:Charlie:DNA	344	41.6377934921	70	70.00	70	100.00
Orang_Jaqo_Zeb2_neg_R1	9136678	MER41C:ERV1:LTR	762	29.2151086128	69	69.00	69	100.00
Orang_Jaqo_Zeb2_neg_R1	9136678	AluYa5:Alu:SINE	347	42.1874419253	68	72.30	79	91.53
Orang_Jaqo_Zeb2_neg_R1	9136678	HERVS71-int:ERV1:LTR	106	16.2711425181	68	73.50	74	99.32
Orang_Jaqo_Zeb2_neg_R1	9136678	LTR19B:ERV1:LTR	219	16.4905872701	68	68.00	68	100.00
Orang_Jaqo_Zeb2_neg_R1	9136678	LTR64:ERV1:LTR	330	24.168400152	68	69.00	69	100.00
Orang_Jaqo_Zeb2_neg_R1	9136678	Kanga1a:Tc2:DNA	628	29.4786943825	67	68.67	69	99.52
Orang_Jaqo_Zeb2_neg_R1	9136678	L1MEg2:L1:LINE	663	25.2527942171	67	67.72	68	99.58
Orang_Jaqo_Zeb2_neg_R1	9136678	LTR76:ERV1:LTR	135	14.7650919514	66	66.38	67	99.07
Orang_Jaqo_Zeb2_neg_R1	9136678	MLT2C2:ERVL:LTR	1229	32.0917987578	66	66.50	67	99.25
Orang_Jaqo_Zeb2_neg_R1	9136678	AluYg6:Alu:SINE	164	21.9888111326	65	65.83	67	98.26
Orang_Jaqo_Zeb2_neg_R1	9136678	LTR16B:ERVL:LTR	660	23.1122878124	65	65.00	65	100.00
Orang_Jaqo_Zeb2_neg_R1	9136678	LTR24:ERV1:LTR	272	27.1239784519	65	67.00	68	98.53
Orang_Jaqo_Zeb2_neg_R1	9136678	LTR83:ERVL:LTR	638	27.6589797935	65	67.00	67	100.00
Orang_Jaqo_Zeb2_neg_R1	9136678	Kanga11a:Tc2:DNA	740	43.3609871704	64	64.00	64	100.00
Orang_Jaqo_Zeb2_neg_R1	9136678	L1MEg1:L1:LINE	730	24.2817066206	64	64.56	65	99.33
Orang_Jaqo_Zeb2_neg_R1	9136678	LTR22C:ERVK:LTR	309	23.0222605148	64	65.52	66	99.27
Orang_Jaqo_Zeb2_neg_R1	9136678	MER107:DNA:DNA	269	36.1699530559	64	64.00	64	100.00
Orang_Jaqo_Zeb2_neg_R1	9136678	L5:RTE:LINE	637	34.9266877262	63	65.00	65	100.00
Orang_Jaqo_Zeb2_neg_R1	9136678	LTR13_:ERVK:LTR	26	12.1506795459	63	64.10	65	98.62
Orang_Jaqo_Zeb2_neg_R1	9136678	LTR25:ERV1:LTR	131	11.2957021059	63	64.00	64	100.00
Orang_Jaqo_Zeb2_neg_R1	9136678	Charlie10b:MER1_type:DNA	243	36.0908376643	62	90.39	91	99.33
Orang_Jaqo_Zeb2_neg_R1	9136678	Charlie26a:MER1_type:DNA	462	34.3653215188	62	62.00	62	100.00
Orang_Jaqo_Zeb2_neg_R1	9136678	LTR38B:ERV1:LTR	194	40.5068766976	62	62.00	62	100.00
Orang_Jaqo_Zeb2_neg_R1	9136678	LTR51:ERV1:LTR	389	17.8467061203	62	62.00	62	100.00
Orang_Jaqo_Zeb2_neg_R1	9136678	Charlie25:MER1_type:DNA	883	22.637305799	61	61.00	61	100.00
Orang_Jaqo_Zeb2_neg_R1	9136678	LTR24B:ERV1:LTR	402	24.7888825492	61	63.50	65	97.69
Orang_Jaqo_Zeb2_neg_R1	9136678	LTR28:ERV1:LTR	491	10.7921816026	61	61.00	61	100.00
Orang_Jaqo_Zeb2_neg_R1	9136678	LTR45C:ERV1:LTR	375	31.3686303639	61	63.47	64	99.17
Orang_Jaqo_Zeb2_neg_R1	9136678	LTR9B:ERV1:LTR	633	24.2482539302	61	61.50	63	97.63
Orang_Jaqo_Zeb2_neg_R1	9136678	MER83:ERV1:LTR	405	25.8654836419	61	61.58	64	96.22
Orang_Jaqo_Zeb2_neg_R1	9136678	MER57B1:ERV1:LTR	906	18.3529476814	59	59.00	59	100.00
Orang_Jaqo_Zeb2_neg_R1	9136678	MER89-int:ERV1:LTR	543	26.6812848728	59	61.00	61	100.00
Orang_Jaqo_Zeb2_neg_R1	9136678	FRAM/FAM:Alu:SINE	475	42.680657267	58	61.66	63	97.87
Orang_Jaqo_Zeb2_neg_R1	9136678	LTR45B:ERV1:LTR	374	19.195724808	58	58.00	61	95.08
Orang_Jaqo_Zeb2_neg_R1	9136678	LTR62:ERVL:LTR	268	21.469145553	58	58.00	58	100.00
Orang_Jaqo_Zeb2_neg_R1	9136678	LTR71A:ERV1:LTR	149	14.7697400595	58	58.62	61	96.10
Orang_Jaqo_Zeb2_neg_R1	9136678	MER41D:ERV1:LTR	373	29.6687975924	58	58.00	58	100.00
Orang_Jaqo_Zeb2_neg_R1	9136678	ORSL-2b:Tip100:DNA	600	27.4824240937	58	58.00	58	100.00
Orang_Jaqo_Zeb2_neg_R1	9136678	Zaphod:Tip100:DNA	1824	34.8296305436	58	59.73	60	99.55
Orang_Jaqo_Zeb2_neg_R1	9136678	LTR61:ERV1:LTR	110	14.582600494	57	57.50	58	99.14
Orang_Jaqo_Zeb2_neg_R1	9136678	MER101:ERV1:LTR	319	22.2228410226	57	59.59	62	96.12
Orang_Jaqo_Zeb2_neg_R1	9136678	MER52D:ERV1:LTR	546	14.2788733342	57	63.00	63	100.00
Orang_Jaqo_Zeb2_neg_R1	9136678	LTR85b:Gypsy?:LTR	1006	24.2519995365	56	57.50	58	99.14
Orang_Jaqo_Zeb2_neg_R1	9136678	MER34C_:ERV1:LTR	829	23.5108369645	56	56.00	56	100.00
Orang_Jaqo_Zeb2_neg_R1	9136678	MamGypLTR1c:Gypsy:LTR	1005	31.6308964385	56	61.63	64	96.30
Orang_Jaqo_Zeb2_neg_R1	9136678	L1M:L1:LINE	816	39.1259977954	55	57.00	57	100.00
Orang_Jaqo_Zeb2_neg_R1	9136678	MER99:hAT?:DNA	251	14.9368754541	55	55.00	55	100.00
Orang_Jaqo_Zeb2_neg_R1	9136678	HERVL18-int:ERVL:LTR	524	23.1843636486	54	60.20	59	102.03
Orang_Jaqo_Zeb2_neg_R1	9136678	HERVK11-int:ERVK:LTR	241	8.29432180452	53	59.42	62	95.84
Orang_Jaqo_Zeb2_neg_R1	9136678	LTR23:ERV1:LTR	733	33.0894452049	53	53.50	54	99.07
Orang_Jaqo_Zeb2_neg_R1	9136678	MER87:ERV1:LTR	341	18.7189748993	53	53.00	53	100.00
Orang_Jaqo_Zeb2_neg_R1	9136678	MER95:ERV:LTR	162	19.8466792707	53	53.89	55	97.99
Orang_Jaqo_Zeb2_neg_R1	9136678	LTR12F:ERV1:LTR	503	23.4277014249	52	55.94	57	98.15
Orang_Jaqo_Zeb2_neg_R1	9136678	MLT1F-int:MaLR:LTR	460	20.2481193638	52	52.25	53	98.58
Orang_Jaqo_Zeb2_neg_R1	9136678	L1M3a:L1:LINE	551	25.4612609357	51	51.00	51	100.00
Orang_Jaqo_Zeb2_neg_R1	9136678	LTR6B:ERV1:LTR	119	15.5779499409	51	52.19	53	98.47
Orang_Jaqo_Zeb2_neg_R1	9136678	MER48:ERV1:LTR	176	13.9974042985	51	52.00	54	96.30
Orang_Jaqo_Zeb2_neg_R1	9136678	MLT2E:ERVL:LTR	351	17.5362084797	51	51.00	52	98.08
Orang_Jaqo_Zeb2_neg_R1	9136678	SVA_B:Other:Other	26	3.19243198868	51	53.03	67	79.15
Orang_Jaqo_Zeb2_neg_R1	9136678	LTR57:ERVL:LTR	216	17.5323173807	50	52.00	52	100.00
Orang_Jaqo_Zeb2_neg_R1	9136678	MER66C:ERV1:LTR	564	24.2455954454	50	50.00	50	100.00
Orang_Jaqo_Zeb2_neg_R1	9136678	ERVL-int:ERVL:LTR	956	24.4813737482	48	48.00	48	100.00
Orang_Jaqo_Zeb2_neg_R1	9136678	LTR86A1:ERVL:LTR	458	36.6756244608	48	48.00	48	100.00
Orang_Jaqo_Zeb2_neg_R1	9136678	ALINE:RTE:LINE	250	27.7260574039	47	47.00	47	100.00
Orang_Jaqo_Zeb2_neg_R1	9136678	LTR21B:ERV1:LTR	49	13.7237898247	47	47.00	47	100.00
Orang_Jaqo_Zeb2_neg_R1	9136678	MER66-int:ERV1:LTR	615	25.3410969273	47	48.00	49	97.96
Orang_Jaqo_Zeb2_neg_R1	9136678	PABL_A-int:ERV1:LTR	385	14.3775565692	47	49.50	50	99.00
Orang_Jaqo_Zeb2_neg_R1	9136678	L1HS:L1:LINE	125	6.66952653834	46	54.72	71	77.07
Orang_Jaqo_Zeb2_neg_R1	9136678	LTR31:ERV1:LTR	220	12.0202472635	46	46.00	46	100.00
Orang_Jaqo_Zeb2_neg_R1	9136678	MER50B:ERV1:LTR	613	18.2459033709	46	46.00	46	100.00
Orang_Jaqo_Zeb2_neg_R1	9136678	MER70B:ERVL:LTR	459	15.1706544989	46	46.00	46	100.00
Orang_Jaqo_Zeb2_neg_R1	9136678	HUERS-P1-int:ERV1:LTR	443	15.0917571588	45	45.50	46	98.91
Orang_Jaqo_Zeb2_neg_R1	9136678	LTR47B:ERVL:LTR	327	16.7207069497	45	45.76	46	99.47
Orang_Jaqo_Zeb2_neg_R1	9136678	LTR54B:ERV1:LTR	726	20.7003540243	45	46.00	46	100.00
Orang_Jaqo_Zeb2_neg_R1	9136678	MER70A:ERVL:LTR	454	13.7825039531	45	45.62	46	99.18
Orang_Jaqo_Zeb2_neg_R1	9136678	MLT1F2-int:MaLR:LTR	240	10.8696118205	45	46.23	47	98.36
Orang_Jaqo_Zeb2_neg_R1	9136678	LTR26:ERV1:LTR	561	18.5581905288	44	48.30	48	100.63
Orang_Jaqo_Zeb2_neg_R1	9136678	PRIMA4_LTR:ERV1:LTR	322	15.9997793469	44	44.00	44	100.00
Orang_Jaqo_Zeb2_neg_R1	9136678	MER84:ERV1:LTR	301	17.7244111123	42	42.00	42	100.00
Orang_Jaqo_Zeb2_neg_R1	9136678	LTR22B:ERVK:LTR	168	15.1578188599	41	41.00	41	100.00
Orang_Jaqo_Zeb2_neg_R1	9136678	MER110A:ERV1:LTR	568	24.9659351958	41	42.00	42	100.00
Orang_Jaqo_Zeb2_neg_R1	9136678	MER57A1:ERV1:LTR	930	17.723209302	41	41.00	41	100.00
Orang_Jaqo_Zeb2_neg_R1	9136678	L1P4a:L1:LINE	596	6.67287665122	40	42.00	42	100.00
Orang_Jaqo_Zeb2_neg_R1	9136678	LTR26B:ERV1:LTR	400	20.5598765867	40	40.00	40	100.00
Orang_Jaqo_Zeb2_neg_R1	9136678	LTR46:ERV1:LTR	204	16.693996542	40	40.87	42	97.30
Orang_Jaqo_Zeb2_neg_R1	9136678	LTR55:ERV:LTR	369	13.6859579599	40	40.00	41	97.56
Orang_Jaqo_Zeb2_neg_R1	9136678	LTR88b:Gypsy?:LTR	1447	37.555046497	40	41.50	42	98.81
Orang_Jaqo_Zeb2_neg_R1	9136678	Arthur1B:Tip100:DNA	1474	21.6982336197	39	40.00	40	100.00
Orang_Jaqo_Zeb2_neg_R1	9136678	Charlie11:MER1_type:DNA	89	6.17040994635	39	40.00	40	100.00
Orang_Jaqo_Zeb2_neg_R1	9136678	LTR12_:ERV1:LTR	531	17.3154696399	39	40.00	40	100.00
Orang_Jaqo_Zeb2_neg_R1	9136678	MSTC-int:MaLR:LTR	153	6.29291522236	39	42.17	45	93.71
Orang_Jaqo_Zeb2_neg_R1	9136678	MamRep1894:hAT:DNA	591	22.5477855822	39	39.00	39	100.00
Orang_Jaqo_Zeb2_neg_R1	9136678	PABL_B-int:ERV1:LTR	213	8.81138294486	39	40.00	40	100.00
Orang_Jaqo_Zeb2_neg_R1	9136678	L1M3d:L1:LINE	513	18.2203993736	38	38.00	38	100.00
Orang_Jaqo_Zeb2_neg_R1	9136678	L1M3de:L1:LINE	455	12.6654533874	38	38.00	38	100.00
Orang_Jaqo_Zeb2_neg_R1	9136678	LTR1D:ERV1:LTR	871	20.3473064214	38	40.00	41	97.56
Orang_Jaqo_Zeb2_neg_R1	9136678	LTR29:ERV1:LTR	633	23.5956977872	38	38.00	38	100.00
Orang_Jaqo_Zeb2_neg_R1	9136678	MER11D:ERVK:LTR	212	14.1578977654	38	39.00	39	100.00
Orang_Jaqo_Zeb2_neg_R1	9136678	MER41G:ERV1:LTR	101	12.7944193945	38	38.00	38	100.00
Orang_Jaqo_Zeb2_neg_R1	9136678	MER51-int:ERV1:LTR	469	13.854021919	38	38.00	38	100.00
Orang_Jaqo_Zeb2_neg_R1	9136678	MER57D:ERV1:LTR	442	16.0219972701	38	38.00	38	100.00
Orang_Jaqo_Zeb2_neg_R1	9136678	Merlin1_HS:Merlin:DNA	40	18.0845293182	38	38.34	39	98.32
Orang_Jaqo_Zeb2_neg_R1	9136678	Tigger6b:MER2_type:DNA	204	11.176805588	38	39.50	40	98.75
Orang_Jaqo_Zeb2_neg_R1	9136678	LTR81A:ERV1?:LTR	885	20.5354466961	37	37.40	38	98.43
Orang_Jaqo_Zeb2_neg_R1	9136678	AluYc3:Alu:SINE	755	29.5591067268	36	36.19	38	95.24
Orang_Jaqo_Zeb2_neg_R1	9136678	Kanga1b:Tc2:DNA	333	19.050592206	36	37.95	40	94.87
Orang_Jaqo_Zeb2_neg_R1	9136678	MER50-int:ERV1:LTR	467	15.1957128148	36	41.00	41	100.00
Orang_Jaqo_Zeb2_neg_R1	9136678	MLT1J2-int:MaLR:LTR	522	11.417941126	35	35.00	35	100.00
Orang_Jaqo_Zeb2_neg_R1	9136678	PABL_B:ERV1:LTR	301	10.8993506198	35	35.00	35	100.00
Orang_Jaqo_Zeb2_neg_R1	9136678	Ricksha_0:MuDR:DNA	328	11.8577300935	35	35.48	36	98.56
Orang_Jaqo_Zeb2_neg_R1	9136678	LTR10D:ERV1:LTR	176	15.1023620623	34	35.62	37	96.27
Orang_Jaqo_Zeb2_neg_R1	9136678	LTR14:ERVK:LTR	73	12.5704975979	34	36.00	36	100.00
Orang_Jaqo_Zeb2_neg_R1	9136678	LTR88a:Gypsy:LTR	826	18.1919884902	34	34.00	34	100.00
Orang_Jaqo_Zeb2_neg_R1	9136678	LTR90A:LTR:LTR	345	20.2534390975	34	35.00	35	100.00
Orang_Jaqo_Zeb2_neg_R1	9136678	L1P5:L1:LINE	789	11.4401353674	33	33.00	36	91.67
Orang_Jaqo_Zeb2_neg_R1	9136678	MER30B:MER1_type:DNA	141	16.3692240787	33	33.00	33	100.00
Orang_Jaqo_Zeb2_neg_R1	9136678	Arthur1C:Tip100:DNA	443	19.1927990571	32	32.00	32	100.00
Orang_Jaqo_Zeb2_neg_R1	9136678	LTR10F:ERV1:LTR	388	14.6004905142	32	45.35	48	94.49
Orang_Jaqo_Zeb2_neg_R1	9136678	LTR71B:ERV1:LTR	211	10.7411747874	32	32.00	32	100.00
Orang_Jaqo_Zeb2_neg_R1	9136678	MER57E2:ERV1:LTR	154	16.2185937963	32	32.00	32	100.00
Orang_Jaqo_Zeb2_neg_R1	9136678	MER67A:ERV1:LTR	401	10.5809059864	31	32.00	32	100.00
Orang_Jaqo_Zeb2_neg_R1	9136678	MamGypLTR1a:Gypsy:LTR	910	19.3780273179	31	31.00	31	100.00
Orang_Jaqo_Zeb2_neg_R1	9136678	L1MDb:L1:LINE	886	23.8911978436	30	31.00	31	100.00
Orang_Jaqo_Zeb2_neg_R1	9136678	LTR12B:ERV1:LTR	132	13.1540495834	30	31.56	34	92.81
Orang_Jaqo_Zeb2_neg_R1	9136678	MER34-int:ERV1:LTR	331	11.421907694	30	30.50	31	98.39
Orang_Jaqo_Zeb2_neg_R1	9136678	MER76-int:ERVL:LTR	132	11.3021439934	30	38.00	38	100.00
Orang_Jaqo_Zeb2_neg_R1	9136678	MLT1-int:MaLR:LTR	226	7.13313096317	30	30.86	32	96.42
Orang_Jaqo_Zeb2_neg_R1	9136678	HERV15-int:ERV1:LTR	69	5.90260016314	29	29.11	30	97.02
Orang_Jaqo_Zeb2_neg_R1	9136678	HERVL66-int:ERVL:LTR	58	7.01990899337	29	29.00	29	100.00
Orang_Jaqo_Zeb2_neg_R1	9136678	LTR19C:ERV1:LTR	191	9.04411834197	29	29.00	29	100.00
Orang_Jaqo_Zeb2_neg_R1	9136678	LTR1C:ERV1:LTR	225	19.755334191	29	29.00	29	100.00
Orang_Jaqo_Zeb2_neg_R1	9136678	LTR36:ERV1:LTR	462	11.2614480307	29	31.00	31	100.00
Orang_Jaqo_Zeb2_neg_R1	9136678	PRIMAX-int:ERV1:LTR	312	15.5814269153	29	29.67	30	98.90
Orang_Jaqo_Zeb2_neg_R1	9136678	L1M2c:L1:LINE	409	8.36911353767	28	29.50	30	98.33
Orang_Jaqo_Zeb2_neg_R1	9136678	MER57F:ERV1:LTR	373	13.5989272161	28	28.00	28	100.00
Orang_Jaqo_Zeb2_neg_R1	9136678	HERVP71A-int:ERV1:LTR	202	7.40773952647	27	29.00	29	100.00
Orang_Jaqo_Zeb2_neg_R1	9136678	MER61F:ERV1:LTR	125	7.8623743474	27	27.00	27	100.00
Orang_Jaqo_Zeb2_neg_R1	9136678	MER97a:MER1_type?:DNA	312	6.74116363091	27	29.62	31	95.55
Orang_Jaqo_Zeb2_neg_R1	9136678	MamGypLTR2:Gypsy:LTR	399	12.4953709651	27	27.60	28	98.56
Orang_Jaqo_Zeb2_neg_R1	9136678	HERV1_LTRa:ERV1:LTR	27	5.12174764648	26	26.00	26	100.00
Orang_Jaqo_Zeb2_neg_R1	9136678	HERV35I-int:ERV1:LTR	470	8.84308526237	26	28.00	28	100.00
Orang_Jaqo_Zeb2_neg_R1	9136678	MamGypLTR1d:Gypsy:LTR	672	13.8809095659	26	26.15	27	96.86
Orang_Jaqo_Zeb2_neg_R1	9136678	MamGypLTR2c:Gypsy:LTR	928	16.6240022131	26	26.00	26	100.00
Orang_Jaqo_Zeb2_neg_R1	9136678	LTR81B:ERV1?:LTR	1051	16.8856893612	25	25.00	25	100.00
Orang_Jaqo_Zeb2_neg_R1	9136678	LTR86B1:ERVL:LTR	278	14.9652153599	25	25.00	25	100.00
Orang_Jaqo_Zeb2_neg_R1	9136678	LTR88c:Genie?:LTR	1091	20.1523643822	25	25.50	26	98.08
Orang_Jaqo_Zeb2_neg_R1	9136678	MER51E:ERV1:LTR	216	12.316925017	25	25.50	26	98.08
Orang_Jaqo_Zeb2_neg_R1	9136678	LTR18B:ERVL:LTR	357	15.7324355464	24	26.00	27	96.30
Orang_Jaqo_Zeb2_neg_R1	9136678	AluYb8:Alu:SINE	154	11.3562193235	23	23.61	24	98.36
Orang_Jaqo_Zeb2_neg_R1	9136678	Kanga1d:Tc2:DNA	401	18.2911261322	23	23.00	23	100.00
Orang_Jaqo_Zeb2_neg_R1	9136678	LTR34:ERV1:LTR	329	9.87049747573	23	23.50	24	97.92
Orang_Jaqo_Zeb2_neg_R1	9136678	LTR60:ERV1:LTR	229	6.08390732405	23	23.00	23	100.00
Orang_Jaqo_Zeb2_neg_R1	9136678	LTR26E:ERV1:LTR	260	7.38283355504	22	22.00	22	100.00
Orang_Jaqo_Zeb2_neg_R1	9136678	LTR90B:LTR:LTR	478	18.182015075	22	22.00	22	100.00
Orang_Jaqo_Zeb2_neg_R1	9136678	MER6C:MER2_type:DNA	100	12.7719217128	22	22.00	22	100.00
Orang_Jaqo_Zeb2_neg_R1	9136678	L1PA2:L1:LINE	1167	16.6867506171	21	23.12	27	85.61
Orang_Jaqo_Zeb2_neg_R1	9136678	LTR44:ERV1:LTR	169	8.35847727734	21	21.00	21	100.00
Orang_Jaqo_Zeb2_neg_R1	9136678	MER61D:ERV1:LTR	234	7.41601516638	21	22.65	23	98.47
Orang_Jaqo_Zeb2_neg_R1	9136678	MER65B:ERV1:LTR	203	13.8674939729	21	22.00	22	100.00
Orang_Jaqo_Zeb2_neg_R1	9136678	MLT1E2-int:MaLR:LTR	120	6.60257241343	21	21.00	21	100.00
Orang_Jaqo_Zeb2_neg_R1	9136678	ORSL-2a:Tip100:DNA	288	11.4183260347	21	21.00	21	100.00
Orang_Jaqo_Zeb2_neg_R1	9136678	LTR18A:ERVL:LTR	237	6.91799869185	20	23.30	24	97.09
Orang_Jaqo_Zeb2_neg_R1	9136678	MER110-int:ERV1:LTR	334	7.36992197071	20	20.00	20	100.00
Orang_Jaqo_Zeb2_neg_R1	9136678	MER45R:Tip100:DNA	462	11.3348024976	20	20.00	21	95.24
Orang_Jaqo_Zeb2_neg_R1	9136678	LTR24C:ERV1:LTR	322	11.5746260853	19	19.00	19	100.00
Orang_Jaqo_Zeb2_neg_R1	9136678	LTR38:ERV1:LTR	286	7.15692473769	19	19.00	20	95.00
Orang_Jaqo_Zeb2_neg_R1	9136678	LTR69:ERVL:LTR	126	7.24361610639	19	19.00	19	100.00
Orang_Jaqo_Zeb2_neg_R1	9136678	LTR86C:ERVL:LTR	253	10.6522976695	19	19.00	19	100.00
Orang_Jaqo_Zeb2_neg_R1	9136678	MER57C2:ERV1:LTR	393	9.45315149636	18	18.00	18	100.00
Orang_Jaqo_Zeb2_neg_R1	9136678	MLT1G1-int:MaLR:LTR	267	8.26551627168	18	18.50	19	97.37
Orang_Jaqo_Zeb2_neg_R1	9136678	MLT1J1-int:MaLR:LTR	419	7.94421098028	18	18.00	18	100.00
Orang_Jaqo_Zeb2_neg_R1	9136678	Charlie12:MER1_type:DNA	18	0.764043074442	17	18.00	18	100.00
Orang_Jaqo_Zeb2_neg_R1	9136678	FordPrefect:Tip100:DNA	512	9.62338390456	17	17.00	17	100.00
Orang_Jaqo_Zeb2_neg_R1	9136678	LTR16D1:ERVL:LTR	184	16.2057427337	17	17.00	17	100.00
Orang_Jaqo_Zeb2_neg_R1	9136678	LTR57-int:ERVL:LTR	311	9.69442275862	17	17.83	19	93.86
Orang_Jaqo_Zeb2_neg_R1	9136678	LTR66:ERVL:LTR	216	4.55392649977	17	17.00	17	100.00
Orang_Jaqo_Zeb2_neg_R1	9136678	LTR70:ERV1:LTR	148	8.20476959577	17	18.00	18	100.00
Orang_Jaqo_Zeb2_neg_R1	9136678	LTR72:ERV1:LTR	137	9.20872237423	17	19.06	23	82.85
Orang_Jaqo_Zeb2_neg_R1	9136678	MER83C:ERV1:LTR	128	6.48854608904	17	18.00	18	100.00
Orang_Jaqo_Zeb2_neg_R1	9136678	MamGypLTR2b:Gypsy:LTR	779	14.0457732517	17	17.00	17	100.00
Orang_Jaqo_Zeb2_neg_R1	9136678	L1PBb:L1:LINE	263	5.91390510992	16	16.00	16	100.00
Orang_Jaqo_Zeb2_neg_R1	9136678	LTR22:ERVK:LTR	56	3.36426963843	16	16.00	16	100.00
Orang_Jaqo_Zeb2_neg_R1	9136678	MER34D:ERV1:LTR	244	8.22308711609	16	16.00	16	100.00
Orang_Jaqo_Zeb2_neg_R1	9136678	MLT1G3-int:MaLR:LTR	211	6.7249744076	16	16.00	16	100.00
Orang_Jaqo_Zeb2_neg_R1	9136678	Charlie4:MER1_type:DNA	142	7.35724866219	15	15.50	16	96.88
Orang_Jaqo_Zeb2_neg_R1	9136678	HERVFH21-int:ERV1:LTR	74	7.99174586641	15	15.00	15	100.00
Orang_Jaqo_Zeb2_neg_R1	9136678	LTR14C:ERVK:LTR	77	2.82543755977	15	15.00	15	100.00
Orang_Jaqo_Zeb2_neg_R1	9136678	LTR19-int:ERV1:LTR	160	8.227940791	15	16.75	18	93.06
Orang_Jaqo_Zeb2_neg_R1	9136678	LTR38C:ERV1:LTR	127	5.79316057579	15	21.39	24	89.13
Orang_Jaqo_Zeb2_neg_R1	9136678	LTR68:ERV1:LTR	325	10.1408349706	15	15.00	15	100.00
Orang_Jaqo_Zeb2_neg_R1	9136678	MER110:ERV1:LTR	639	10.17009546	15	15.00	15	100.00
Orang_Jaqo_Zeb2_neg_R1	9136678	MER88:ERVL:LTR	102	6.65115759372	15	15.00	15	100.00
Orang_Jaqo_Zeb2_neg_R1	9136678	HERV1_LTRb:ERV1:LTR	7	2.64681377455	14	14.00	14	100.00
Orang_Jaqo_Zeb2_neg_R1	9136678	HERV1_LTRc:ERV1:LTR	28	7.78115918732	14	14.00	14	100.00
Orang_Jaqo_Zeb2_neg_R1	9136678	HERVK14C-int:ERVK:LTR	48	6.02661335457	14	14.00	14	100.00
Orang_Jaqo_Zeb2_neg_R1	9136678	LTR14A:ERVK:LTR	93	7.18959283242	14	14.00	14	100.00
Orang_Jaqo_Zeb2_neg_R1	9136678	Ricksha_b:MuDR:DNA	102	6.68886820305	14	14.00	14	100.00
Orang_Jaqo_Zeb2_neg_R1	9136678	AluYc5:Alu:SINE	316	6.21363821843	13	13.00	13	100.00
Orang_Jaqo_Zeb2_neg_R1	9136678	HERVL32-int:ERVL:LTR	102	2.49347589068	13	13.00	13	100.00
Orang_Jaqo_Zeb2_neg_R1	9136678	LTR38-int:ERV1:LTR	117	4.04383211185	13	13.00	13	100.00
Orang_Jaqo_Zeb2_neg_R1	9136678	LTR80A:ERVL:LTR	327	9.2920739541	12	12.00	12	100.00
Orang_Jaqo_Zeb2_neg_R1	9136678	LTR81C:ERV1?:LTR	684	5.38185755617	12	12.00	12	100.00
Orang_Jaqo_Zeb2_neg_R1	9136678	MER61B:ERV1:LTR	372	8.76563000855	12	12.00	12	100.00
Orang_Jaqo_Zeb2_neg_R1	9136678	MLT1H1-int:MaLR:LTR	312	3.99802716071	12	12.00	12	100.00
Orang_Jaqo_Zeb2_neg_R1	9136678	LTR23-int:ERV1:LTR	229	4.61016212049	11	11.00	11	100.00
Orang_Jaqo_Zeb2_neg_R1	9136678	MER84-int:ERV1:LTR	107	3.70596884982	11	11.00	11	100.00
Orang_Jaqo_Zeb2_neg_R1	9136678	MSTB1-int:MaLR:LTR	183	1.908347015	11	11.00	11	100.00
Orang_Jaqo_Zeb2_neg_R1	9136678	AluJ/monomer:Alu:SINE	329	7.39487809207	10	10.00	10	100.00
Orang_Jaqo_Zeb2_neg_R1	9136678	HERV1_LTRe:ERV1:LTR	21	3.68130560427	10	13.65	14	97.53
Orang_Jaqo_Zeb2_neg_R1	9136678	HERVKC4-int:ERVK:LTR	32	5.23012365926	10	10.00	10	100.00
Orang_Jaqo_Zeb2_neg_R1	9136678	L1P4e:L1:LINE	177	3.18367306744	10	11.00	11	100.00
Orang_Jaqo_Zeb2_neg_R1	9136678	LTR16D2:ERVL:LTR	246	8.59722462837	10	10.00	10	100.00
Orang_Jaqo_Zeb2_neg_R1	9136678	MER34C:ERV1:LTR	150	6.63282238929	10	10.25	11	93.16
Orang_Jaqo_Zeb2_neg_R1	9136678	MER67D:ERV1:LTR	915	4.46832258558	10	10.00	10	100.00
Orang_Jaqo_Zeb2_neg_R1	9136678	MER75B:PiggyBac:DNA	87	6.82228700105	10	10.00	10	100.00
Orang_Jaqo_Zeb2_neg_R1	9136678	MER97b:MER1_type?:DNA	173	4.36258884046	10	10.00	10	100.00
Orang_Jaqo_Zeb2_neg_R1	9136678	MLT1E1A-int:MaLR:LTR	65	1.64310681911	10	11.00	11	100.00
Orang_Jaqo_Zeb2_neg_R1	9136678	HERVFH19-int:ERV1:LTR	102	7.72544030883	9	9.00	9	100.00
Orang_Jaqo_Zeb2_neg_R1	9136678	MER74C:ERVL:LTR	227	6.15100451968	9	9.50	10	95.00
Orang_Jaqo_Zeb2_neg_R1	9136678	MLT1L-int:MaLR:LTR	96	5.49880339898	9	9.00	9	100.00
Orang_Jaqo_Zeb2_neg_R1	9136678	FordPrefect_a:Tip100:DNA	190	3.80992235929	8	8.00	8	100.00
Orang_Jaqo_Zeb2_neg_R1	9136678	L1M2b:L1:LINE	236	2.85957783203	8	8.50	9	94.44
Orang_Jaqo_Zeb2_neg_R1	9136678	LTR3B:ERVK:LTR	61	5.04818518816	8	8.00	8	100.00
Orang_Jaqo_Zeb2_neg_R1	9136678	LTR52-int:ERVL:LTR	247	4.43890517369	8	9.00	10	90.00
Orang_Jaqo_Zeb2_neg_R1	9136678	LTR80B:ERVL:LTR	431	3.11296027683	8	8.00	8	100.00
Orang_Jaqo_Zeb2_neg_R1	9136678	AluYh9:Alu:SINE	82	4.7273092382	7	7.00	7	100.00
Orang_Jaqo_Zeb2_neg_R1	9136678	L1M2a1:L1:LINE	120	2.40820523974	7	7.50	8	93.75
Orang_Jaqo_Zeb2_neg_R1	9136678	LTR39-int:ERV1:LTR	112	3.88698018302	7	8.00	8	100.00
Orang_Jaqo_Zeb2_neg_R1	9136678	LTR58:ERV1:LTR	78	2.33137434558	7	7.00	7	100.00
Orang_Jaqo_Zeb2_neg_R1	9136678	LTR72B:ERV1:LTR	170	5.76986562926	7	7.00	7	100.00
Orang_Jaqo_Zeb2_neg_R1	9136678	LTR86A2:ERVL:LTR	256	6.77932353673	7	7.00	7	100.00
Orang_Jaqo_Zeb2_neg_R1	9136678	MSTB2-int:MaLR:LTR	84	2.14038608538	7	7.00	7	100.00
Orang_Jaqo_Zeb2_neg_R1	9136678	Ricksha:MuDR:DNA	263	4.07532838049	7	7.00	7	100.00
Orang_Jaqo_Zeb2_neg_R1	9136678	AluYb:Alu:SINE	94	3.26974944706	6	6.00	6	100.00
Orang_Jaqo_Zeb2_neg_R1	9136678	AluYd:Alu:SINE	51	6.14349354252	6	6.00	6	100.00
Orang_Jaqo_Zeb2_neg_R1	9136678	HERVK11D-int:ERVK:LTR	48	1.92677125151	6	6.00	6	100.00
Orang_Jaqo_Zeb2_neg_R1	9136678	HUERS-P2-int:ERV1:LTR	234	3.35800211338	6	7.00	8	87.50
Orang_Jaqo_Zeb2_neg_R1	9136678	LTR30:ERV1:LTR	127	1.66817883362	6	6.00	6	100.00
Orang_Jaqo_Zeb2_neg_R1	9136678	LTR45:ERV1:LTR	152	4.93095148229	6	6.00	6	100.00
Orang_Jaqo_Zeb2_neg_R1	9136678	LTR75_1:ERV1:LTR	128	5.49030324677	6	6.00	6	100.00
Orang_Jaqo_Zeb2_neg_R1	9136678	LTR86B2:ERVL:LTR	236	4.35027603002	6	6.50	7	92.86
Orang_Jaqo_Zeb2_neg_R1	9136678	MER52-int:ERV1:LTR	425	4.44112955753	6	6.00	6	100.00
Orang_Jaqo_Zeb2_neg_R1	9136678	MER83B-int:ERV1:LTR	267	2.60878833158	6	7.00	7	100.00
Orang_Jaqo_Zeb2_neg_R1	9136678	MER83B:ERV1:LTR	120	5.97485754441	6	6.50	7	92.86
Orang_Jaqo_Zeb2_neg_R1	9136678	LTR10B:ERV1:LTR	71	3.43272401209	5	5.00	5	100.00
Orang_Jaqo_Zeb2_neg_R1	9136678	LTR10G:ERV1:LTR	96	4.12348935119	5	5.00	5	100.00
Orang_Jaqo_Zeb2_neg_R1	9136678	MER73:ERVL:LTR	241	3.64452070444	5	5.00	5	100.00
Orang_Jaqo_Zeb2_neg_R1	9136678	MER75A:PiggyBac:DNA	82	3.47015035492	5	5.00	5	100.00
Orang_Jaqo_Zeb2_neg_R1	9136678	MLT1H2-int:MaLR:LTR	305	1.82450489513	5	5.00	6	83.33
Orang_Jaqo_Zeb2_neg_R1	9136678	MLT1K-int:MaLR:LTR	153	5.75988686105	5	7.00	7	100.00
Orang_Jaqo_Zeb2_neg_R1	9136678	MLT2B5:ERVL:LTR	308	2.00667925597	5	5.00	5	100.00
Orang_Jaqo_Zeb2_neg_R1	9136678	AluJo/F(R)AM:Alu:SINE	24	3.26713344485	4	4.00	4	100.00
Orang_Jaqo_Zeb2_neg_R1	9136678	AluYg:Alu:SINE	154	4.49600784253	4	4.00	4	100.00
Orang_Jaqo_Zeb2_neg_R1	9136678	HERV30-int:ERV1:LTR	64	1.12018572055	4	4.00	4	100.00
Orang_Jaqo_Zeb2_neg_R1	9136678	L1P:L1:LINE	187	2.43604188509	4	4.00	4	100.00
Orang_Jaqo_Zeb2_neg_R1	9136678	LTR11:ERV:LTR	11	5.03964005432	4	4.00	4	100.00
Orang_Jaqo_Zeb2_neg_R1	9136678	LTR43B:ERV1:LTR	185	2.14453874384	4	4.00	4	100.00
Orang_Jaqo_Zeb2_neg_R1	9136678	LTR59:ERV1:LTR	122	3.96166711693	4	4.00	4	100.00
Orang_Jaqo_Zeb2_neg_R1	9136678	MER92C:ERV1:LTR	273	1.38506993732	4	4.00	4	100.00
Orang_Jaqo_Zeb2_neg_R1	9136678	MLT1E3-int:MaLR:LTR	73	1.73139531783	4	4.00	4	100.00
Orang_Jaqo_Zeb2_neg_R1	9136678	AluYa5/8:Alu:SINE	47	3.48208120004	3	3.00	3	100.00
Orang_Jaqo_Zeb2_neg_R1	9136678	AluYa8:Alu:SINE	45	1.80249992143	3	3.50	4	87.50
Orang_Jaqo_Zeb2_neg_R1	9136678	HERV1_LTRd:ERV1:LTR	13	1.76713680765	3	3.00	3	100.00
Orang_Jaqo_Zeb2_neg_R1	9136678	L1P3b:L1:LINE	99	1.9042341192	3	3.00	3	100.00
Orang_Jaqo_Zeb2_neg_R1	9136678	MER72B:ERV1:LTR	160	1.10019563669	3	3.00	3	100.00
Orang_Jaqo_Zeb2_neg_R1	9136678	MER9B:ERVK:LTR	58	0.652048402375	3	3.00	3	100.00
Orang_Jaqo_Zeb2_neg_R1	9136678	AluJ/F(R)AM:Alu:SINE	43	0.869126680544	2	2.00	2	100.00
Orang_Jaqo_Zeb2_neg_R1	9136678	AluYa:Alu:SINE	19	1.20379543104	2	2.00	2	100.00
Orang_Jaqo_Zeb2_neg_R1	9136678	L1P4b:L1:LINE	129	5.04898524179	2	2.00	2	100.00
Orang_Jaqo_Zeb2_neg_R1	9136678	LTR12E:ERV1:LTR	113	1.44284685686	2	2.00	2	100.00
Orang_Jaqo_Zeb2_neg_R1	9136678	LTR77:ERV1:LTR	116	1.53072582166	2	2.00	2	100.00
Orang_Jaqo_Zeb2_neg_R1	9136678	MER101B:ERV1:LTR	247	2.25667980212	2	2.00	2	100.00
Orang_Jaqo_Zeb2_neg_R1	9136678	SVA_C:Other:Other	11	1.97925443682	2	3.63	7	51.82
Orang_Jaqo_Zeb2_neg_R1	9136678	AluSg/q:Alu:SINE	18	1.21609967114	1	1.00	1	100.00
Orang_Jaqo_Zeb2_neg_R1	9136678	HERV1_I-int:ERV1:LTR	57	0.372275409533	1	1.00	1	100.00
Orang_Jaqo_Zeb2_neg_R1	9136678	L1P4d:L1:LINE	169	0.324774392886	1	1.00	1	100.00
Orang_Jaqo_Zeb2_neg_R1	9136678	LTR5:ERVK:LTR	27	1.52561133015	1	1.77	7	25.22
Orang_Jaqo_Zeb2_neg_R1	9136678	MER92A:ERV1:LTR	144	1.4848512053	1	2.00	2	100.00
Orang_Jaqo_Zeb2_neg_R1	9136678	Ricksha_a:MuDR:DNA	35	0.319093208171	1	1.00	1	100.00
Orang_Jaqo_Zeb2_neg_R1	9136678	5S:rRNA:rRNA	1047	0	0	0.00	0	NA
Orang_Jaqo_Zeb2_neg_R1	9136678	7SK:RNA:RNA	625	0	0	0.00	0	NA
Orang_Jaqo_Zeb2_neg_R1	9136678	7SLRNA:srpRNA:srpRNA	811	0	0	0.00	0	NA
Orang_Jaqo_Zeb2_neg_R1	9136678	AluYc:Alu:SINE	10	0	0	0.00	0	NA
Orang_Jaqo_Zeb2_neg_R1	9136678	AluYh:Alu:SINE	13	0	0	0.00	0	NA
Orang_Jaqo_Zeb2_neg_R1	9136678	BC200:scRNA:scRNA	220	0	0	0.00	0	NA
Orang_Jaqo_Zeb2_neg_R1	9136678	HY1:scRNA:scRNA	362	0	0	0.00	0	NA
Orang_Jaqo_Zeb2_neg_R1	9136678	HY3:scRNA:scRNA	457	0	0	0.00	0	NA
Orang_Jaqo_Zeb2_neg_R1	9136678	HY4:scRNA:scRNA	127	0	0	0.00	0	NA
Orang_Jaqo_Zeb2_neg_R1	9136678	HY5:scRNA:scRNA	20	0	0	0.00	0	NA
Orang_Jaqo_Zeb2_neg_R1	9136678	Helitron1Na_Mam:Helitron:RC	276	0	0	0.00	0	NA
Orang_Jaqo_Zeb2_neg_R1	9136678	Helitron1Nb_Mam:Helitron:RC	329	0	0	0.00	0	NA
Orang_Jaqo_Zeb2_neg_R1	9136678	Helitron2Na_Mam:Helitron?:RC	371	0	0	0.00	0	NA
Orang_Jaqo_Zeb2_neg_R1	9136678	Helitron3Na_Mam:Helitron:RC	958	0	0	0.00	0	NA
Orang_Jaqo_Zeb2_neg_R1	9136678	LSU-rRNA_Hsa:rRNA:rRNA	350	0	0	0.00	0	NA
Orang_Jaqo_Zeb2_neg_R1	9136678	LTR7A:ERV1:LTR	28	0	0	0.00	0	NA
Orang_Jaqo_Zeb2_neg_R1	9136678	MER83A-int:ERV1:LTR	79	0	0	0.00	0	NA
Orang_Jaqo_Zeb2_neg_R1	9136678	MLT1E-int:MaLR:LTR	15	0	0	0.00	0	NA
Orang_Jaqo_Zeb2_neg_R1	9136678	MLT1E1-int:MaLR:LTR	28	0	0	0.00	0	NA
Orang_Jaqo_Zeb2_neg_R1	9136678	MLT1M-int:MaLR:LTR	3	0	0	0.00	0	NA
Orang_Jaqo_Zeb2_neg_R1	9136678	MLT1N2-int:MaLR:LTR	70	0	0	0.00	0	NA
Orang_Jaqo_Zeb2_neg_R1	9136678	SSU-rRNA_Hsa:rRNA:rRNA	54	0	0	0.00	0	NA
Orang_Jaqo_Zeb2_neg_R1	9136678	Tigger2f:MER2_type:DNA	7	0	0	0.00	0	NA
Orang_Jaqo_Zeb2_neg_R1	9136678	U13:snRNA:snRNA	150	0	0	0.00	0	NA
Orang_Jaqo_Zeb2_neg_R1	9136678	U13_:snRNA:snRNA	262	0	0	0.00	0	NA
Orang_Jaqo_Zeb2_neg_R1	9136678	U14:snRNA:snRNA	8	0	0	0.00	0	NA
Orang_Jaqo_Zeb2_neg_R1	9136678	U17:snRNA:snRNA	8	0	0	0.00	0	NA
Orang_Jaqo_Zeb2_neg_R1	9136678	U1:snRNA:snRNA	157	0	0	0.00	0	NA
Orang_Jaqo_Zeb2_neg_R1	9136678	U2:snRNA:snRNA	904	0	0	0.00	0	NA
Orang_Jaqo_Zeb2_neg_R1	9136678	U3:snRNA:snRNA	205	0	0	0.00	0	NA
Orang_Jaqo_Zeb2_neg_R1	9136678	U4:snRNA:snRNA	146	0	0	0.00	0	NA
Orang_Jaqo_Zeb2_neg_R1	9136678	U5:snRNA:snRNA	165	0	0	0.00	0	NA
Orang_Jaqo_Zeb2_neg_R1	9136678	U6:snRNA:snRNA	1424	0	0	0.00	0	NA
Orang_Jaqo_Zeb2_neg_R1	9136678	U7:snRNA:snRNA	215	0	0	0.00	0	NA
Orang_Jaqo_Zeb2_neg_R1	9136678	U8:snRNA:snRNA	26	0	0	0.00	0	NA
Orang_Jaqo_Zeb2_neg_R1	9136678	tRNA-Ala-GCA:tRNA:tRNA	11	0	0	0.00	0	NA
Orang_Jaqo_Zeb2_neg_R1	9136678	tRNA-Ala-GCG:tRNA:tRNA	8	0	0	0.00	0	NA
Orang_Jaqo_Zeb2_neg_R1	9136678	tRNA-Ala-GCY:tRNA:tRNA	13	0	0	0.00	0	NA
Orang_Jaqo_Zeb2_neg_R1	9136678	tRNA-Ala-GCY_:tRNA:tRNA	19	0	0	0.00	0	NA
Orang_Jaqo_Zeb2_neg_R1	9136678	tRNA-Arg-AGA:tRNA:tRNA	36	0	0	0.00	0	NA
Orang_Jaqo_Zeb2_neg_R1	9136678	tRNA-Arg-AGG:tRNA:tRNA	14	0	0	0.00	0	NA
Orang_Jaqo_Zeb2_neg_R1	9136678	tRNA-Arg-CGA:tRNA:tRNA	7	0	0	0.00	0	NA
Orang_Jaqo_Zeb2_neg_R1	9136678	tRNA-Arg-CGA_:tRNA:tRNA	4	0	0	0.00	0	NA
Orang_Jaqo_Zeb2_neg_R1	9136678	tRNA-Arg-CGG:tRNA:tRNA	6	0	0	0.00	0	NA
Orang_Jaqo_Zeb2_neg_R1	9136678	tRNA-Arg-CGY_:tRNA:tRNA	26	0	0	0.00	0	NA
Orang_Jaqo_Zeb2_neg_R1	9136678	tRNA-Asn-AAC:tRNA:tRNA	38	0	0	0.00	0	NA
Orang_Jaqo_Zeb2_neg_R1	9136678	tRNA-Asp-GAY:tRNA:tRNA	32	0	0	0.00	0	NA
Orang_Jaqo_Zeb2_neg_R1	9136678	tRNA-Cys-TGY:tRNA:tRNA	124	0	0	0.00	0	NA
Orang_Jaqo_Zeb2_neg_R1	9136678	tRNA-Gln-CAA:tRNA:tRNA	21	0	0	0.00	0	NA
Orang_Jaqo_Zeb2_neg_R1	9136678	tRNA-Gln-CAA_:tRNA:tRNA	24	0	0	0.00	0	NA
Orang_Jaqo_Zeb2_neg_R1	9136678	tRNA-Gln-CAG:tRNA:tRNA	61	0	0	0.00	0	NA
Orang_Jaqo_Zeb2_neg_R1	9136678	tRNA-Glu-GAA:tRNA:tRNA	86	0	0	0.00	0	NA
Orang_Jaqo_Zeb2_neg_R1	9136678	tRNA-Glu-GAG:tRNA:tRNA	19	0	0	0.00	0	NA
Orang_Jaqo_Zeb2_neg_R1	9136678	tRNA-Glu-GAG_:tRNA:tRNA	81	0	0	0.00	0	NA
Orang_Jaqo_Zeb2_neg_R1	9136678	tRNA-Gly-GGA:tRNA:tRNA	97	0	0	0.00	0	NA
Orang_Jaqo_Zeb2_neg_R1	9136678	tRNA-Gly-GGG:tRNA:tRNA	20	0	0	0.00	0	NA
Orang_Jaqo_Zeb2_neg_R1	9136678	tRNA-Gly-GGY:tRNA:tRNA	33	0	0	0.00	0	NA
Orang_Jaqo_Zeb2_neg_R1	9136678	tRNA-His-CAY:tRNA:tRNA	1	0	0	0.00	0	NA
Orang_Jaqo_Zeb2_neg_R1	9136678	tRNA-His-CAY_:tRNA:tRNA	33	0	0	0.00	0	NA
Orang_Jaqo_Zeb2_neg_R1	9136678	tRNA-Ile-ATA:tRNA:tRNA	67	0	0	0.00	0	NA
Orang_Jaqo_Zeb2_neg_R1	9136678	tRNA-Ile-ATC:tRNA:tRNA	10	0	0	0.00	0	NA
Orang_Jaqo_Zeb2_neg_R1	9136678	tRNA-Ile-ATT:tRNA:tRNA	43	0	0	0.00	0	NA
Orang_Jaqo_Zeb2_neg_R1	9136678	tRNA-Leu-CTA:tRNA:tRNA	2	0	0	0.00	0	NA
Orang_Jaqo_Zeb2_neg_R1	9136678	tRNA-Leu-CTA_:tRNA:tRNA	1	0	0	0.00	0	NA
Orang_Jaqo_Zeb2_neg_R1	9136678	tRNA-Leu-CTG:tRNA:tRNA	10	0	0	0.00	0	NA
Orang_Jaqo_Zeb2_neg_R1	9136678	tRNA-Leu-CTY:tRNA:tRNA	19	0	0	0.00	0	NA
Orang_Jaqo_Zeb2_neg_R1	9136678	tRNA-Leu-TTA(m):tRNA:tRNA	19	0	0	0.00	0	NA
Orang_Jaqo_Zeb2_neg_R1	9136678	tRNA-Leu-TTA:tRNA:tRNA	10	0	0	0.00	0	NA
Orang_Jaqo_Zeb2_neg_R1	9136678	tRNA-Leu-TTG:tRNA:tRNA	19	0	0	0.00	0	NA
Orang_Jaqo_Zeb2_neg_R1	9136678	tRNA-Lys-AAA:tRNA:tRNA	30	0	0	0.00	0	NA
Orang_Jaqo_Zeb2_neg_R1	9136678	tRNA-Lys-AAG:tRNA:tRNA	58	0	0	0.00	0	NA
Orang_Jaqo_Zeb2_neg_R1	9136678	tRNA-Met-i:tRNA:tRNA	33	0	0	0.00	0	NA
Orang_Jaqo_Zeb2_neg_R1	9136678	tRNA-Met:tRNA:tRNA	32	0	0	0.00	0	NA
Orang_Jaqo_Zeb2_neg_R1	9136678	tRNA-Met_:tRNA:tRNA	38	0	0	0.00	0	NA
Orang_Jaqo_Zeb2_neg_R1	9136678	tRNA-Phe-TTY:tRNA:tRNA	40	0	0	0.00	0	NA
Orang_Jaqo_Zeb2_neg_R1	9136678	tRNA-Pro-CCA:tRNA:tRNA	3	0	0	0.00	0	NA
Orang_Jaqo_Zeb2_neg_R1	9136678	tRNA-Pro-CCG:tRNA:tRNA	3	0	0	0.00	0	NA
Orang_Jaqo_Zeb2_neg_R1	9136678	tRNA-Pro-CCY:tRNA:tRNA	12	0	0	0.00	0	NA
Orang_Jaqo_Zeb2_neg_R1	9136678	tRNA-SeC(e)-TGA:tRNA:tRNA	4	0	0	0.00	0	NA
Orang_Jaqo_Zeb2_neg_R1	9136678	tRNA-Ser-AGY:tRNA:tRNA	11	0	0	0.00	0	NA
Orang_Jaqo_Zeb2_neg_R1	9136678	tRNA-Ser-TCA(m):tRNA:tRNA	22	0	0	0.00	0	NA
Orang_Jaqo_Zeb2_neg_R1	9136678	tRNA-Ser-TCA:tRNA:tRNA	1	0	0	0.00	0	NA
Orang_Jaqo_Zeb2_neg_R1	9136678	tRNA-Ser-TCA_:tRNA:tRNA	4	0	0	0.00	0	NA
Orang_Jaqo_Zeb2_neg_R1	9136678	tRNA-Ser-TCG:tRNA:tRNA	10	0	0	0.00	0	NA
Orang_Jaqo_Zeb2_neg_R1	9136678	tRNA-Ser-TCY:tRNA:tRNA	16	0	0	0.00	0	NA
Orang_Jaqo_Zeb2_neg_R1	9136678	tRNA-Thr-ACA:tRNA:tRNA	26	0	0	0.00	0	NA
Orang_Jaqo_Zeb2_neg_R1	9136678	tRNA-Thr-ACG:tRNA:tRNA	2	0	0	0.00	0	NA
Orang_Jaqo_Zeb2_neg_R1	9136678	tRNA-Thr-ACG_:tRNA:tRNA	8	0	0	0.00	0	NA
Orang_Jaqo_Zeb2_neg_R1	9136678	tRNA-Thr-ACY:tRNA:tRNA	11	0	0	0.00	0	NA
Orang_Jaqo_Zeb2_neg_R1	9136678	tRNA-Thr-ACY_:tRNA:tRNA	11	0	0	0.00	0	NA
Orang_Jaqo_Zeb2_neg_R1	9136678	tRNA-Trp-TGG:tRNA:tRNA	13	0	0	0.00	0	NA
Orang_Jaqo_Zeb2_neg_R1	9136678	tRNA-Tyr-TAC:tRNA:tRNA	30	0	0	0.00	0	NA
Orang_Jaqo_Zeb2_neg_R1	9136678	tRNA-Tyr-TAT:tRNA:tRNA	5	0	0	0.00	0	NA
Orang_Jaqo_Zeb2_neg_R1	9136678	tRNA-Val-GTA:tRNA:tRNA	9	0	0	0.00	0	NA
Orang_Jaqo_Zeb2_neg_R1	9136678	tRNA-Val-GTG:tRNA:tRNA	26	0	0	0.00	0	NA
Orang_Jaqo_Zeb2_neg_R1	9136678	tRNA-Val-GTY:tRNA:tRNA	26	0	0	0.00	0	NA
